1 1 1
1 2 1
1 3 1
1 4 1
1 5 1
1 6 1
1 7 1
1 8 1
1 9 1
1 10 1
1 11 1
2 12 2
3 13 3
4 14 4
5 15 5
6 15 5
7 15 5
8 15 5
9 15 5
10 15 5
11 15 5
12 16 6
13 17 7
14 18 8
15 19 9
16 20 10
16 21 10
16 22 10
16 23 10
16 24 10
16 25 10
16 26 10
16 27 10
17 28 11
18 29 12
19 30 13
20 31 14
21 31 14
22 31 14
23 31 14
24 31 14
25 31 14
26 31 14
27 31 14
28 31 14
29 32 15
30 33 16
31 34 17
31 35 17
32 36 18
33 37 19
33 38 19
33 39 19
33 40 19
33 41 19
33 42 19
33 43 19
33 44 19
34 45 20
35 46 21
36 46 21
37 46 21
38 46 21
39 46 21
40 46 21
41 46 21
42 46 21
43 46 21
44 46 21
45 46 22
46 46 23
47 47 24
48 48 25
