-5918.0 -33272.0 17.52 
-5917.0 -33272.0 17.99 
-5916.0 -33272.0 17.4 
-5915.0 -33272.0 17.72 
-5914.0 -33272.0 17.69 
-5913.0 -33272.0 17.31 
-5912.0 -33272.0 17.14 
-5911.0 -33272.0 17.11 
-5910.0 -33272.0 17.09 
-5909.0 -33272.0 17.02 
-5908.0 -33272.0 16.93 
-5907.0 -33272.0 16.86 
-5906.0 -33272.0 16.89 
-5905.0 -33272.0 16.84 
-5904.0 -33272.0 16.81 
-5903.0 -33272.0 16.7 
-5902.0 -33272.0 16.72 
-5901.0 -33272.0 16.67 
-5900.0 -33272.0 16.63 
-5899.0 -33272.0 16.49 
-5898.0 -33272.0 16.41 
-5897.0 -33272.0 16.48 
-5896.0 -33272.0 17.64 
-5895.0 -33272.0 19.48 
-5894.0 -33272.0 19.33 
-5893.0 -33272.0 19.11 
-5892.0 -33272.0 18.8 
-5891.0 -33272.0 21.17 
-5890.0 -33272.0 25.63 
-5889.0 -33272.0 25.12 
-5888.0 -33272.0 18.93 
-5887.0 -33272.0 15.63 
-5886.0 -33272.0 15.9 
-5885.0 -33272.0 16.02 
-5884.0 -33272.0 15.74 
-5883.0 -33272.0 16.32 
-5882.0 -33272.0 16.01 
-5881.0 -33272.0 16.23 
-5880.0 -33272.0 18.58 
-5879.0 -33272.0 15.34 
-5878.0 -33272.0 20.22 
-5877.0 -33272.0 30.54 
-5876.0 -33272.0 24.82 
-5875.0 -33272.0 21.02 
-5874.0 -33272.0 19.16 
-5873.0 -33272.0 18.18 
-5872.0 -33272.0 18.54 
-5871.0 -33272.0 19.67 
-5870.0 -33272.0 20.1 
-5869.0 -33272.0 26.32 
-5918.0 -33271.0 17.41 
-5917.0 -33271.0 17.79 
-5916.0 -33271.0 18.09 
-5915.0 -33271.0 18.5 
-5914.0 -33271.0 17.66 
-5913.0 -33271.0 17.76 
-5912.0 -33271.0 17.23 
-5911.0 -33271.0 17.07 
-5910.0 -33271.0 17.03 
-5909.0 -33271.0 17.02 
-5908.0 -33271.0 16.89 
-5907.0 -33271.0 16.83 
-5906.0 -33271.0 16.89 
-5905.0 -33271.0 16.82 
-5904.0 -33271.0 16.83 
-5903.0 -33271.0 16.72 
-5902.0 -33271.0 16.73 
-5901.0 -33271.0 16.62 
-5900.0 -33271.0 16.59 
-5899.0 -33271.0 16.53 
-5898.0 -33271.0 16.43 
-5897.0 -33271.0 16.34 
-5896.0 -33271.0 17.06 
-5895.0 -33271.0 18.08 
-5894.0 -33271.0 18.24 
-5893.0 -33271.0 17.94 
-5892.0 -33271.0 17.81 
-5891.0 -33271.0 21.22 
-5890.0 -33271.0 25.02 
-5889.0 -33271.0 24.29 
-5888.0 -33271.0 18.19 
-5887.0 -33271.0 17.92 
-5886.0 -33271.0 19.62 
-5885.0 -33271.0 18.39 
-5884.0 -33271.0 15.72 
-5883.0 -33271.0 21.63 
-5882.0 -33271.0 24.43 
-5881.0 -33271.0 28.83 
-5880.0 -33271.0 35.03 
-5879.0 -33271.0 27.03 
-5878.0 -33271.0 36.51 
-5877.0 -33271.0 46.52 
-5876.0 -33271.0 43.0 
-5875.0 -33271.0 33.57 
-5874.0 -33271.0 23.88 
-5873.0 -33271.0 19.06 
-5872.0 -33271.0 22.71 
-5871.0 -33271.0 25.29 
-5870.0 -33271.0 23.63 
-5869.0 -33271.0 26.48 
-5918.0 -33270.0 17.32 
-5917.0 -33270.0 17.26 
-5916.0 -33270.0 17.56 
-5915.0 -33270.0 18.34 
-5914.0 -33270.0 17.5 
-5913.0 -33270.0 18.03 
-5912.0 -33270.0 17.28 
-5911.0 -33270.0 17.07 
-5910.0 -33270.0 17.06 
-5909.0 -33270.0 17.03 
-5908.0 -33270.0 16.96 
-5907.0 -33270.0 16.9 
-5906.0 -33270.0 16.88 
-5905.0 -33270.0 16.79 
-5904.0 -33270.0 16.79 
-5903.0 -33270.0 16.74 
-5902.0 -33270.0 16.74 
-5901.0 -33270.0 16.64 
-5900.0 -33270.0 16.6 
-5899.0 -33270.0 16.54 
-5898.0 -33270.0 16.51 
-5897.0 -33270.0 16.37 
-5896.0 -33270.0 16.38 
-5895.0 -33270.0 16.64 
-5894.0 -33270.0 16.48 
-5893.0 -33270.0 17.34 
-5892.0 -33270.0 17.77 
-5891.0 -33270.0 21.24 
-5890.0 -33270.0 27.13 
-5889.0 -33270.0 27.12 
-5888.0 -33270.0 24.99 
-5887.0 -33270.0 25.87 
-5886.0 -33270.0 27.38 
-5885.0 -33270.0 28.06 
-5884.0 -33270.0 29.77 
-5883.0 -33270.0 33.94 
-5882.0 -33270.0 39.94 
-5881.0 -33270.0 44.32 
-5880.0 -33270.0 45.97 
-5879.0 -33270.0 43.9 
-5878.0 -33270.0 45.01 
-5877.0 -33270.0 45.53 
-5876.0 -33270.0 45.02 
-5875.0 -33270.0 42.13 
-5874.0 -33270.0 32.82 
-5873.0 -33270.0 25.43 
-5872.0 -33270.0 24.98 
-5871.0 -33270.0 25.53 
-5870.0 -33270.0 25.53 
-5869.0 -33270.0 25.8 
-5918.0 -33269.0 17.49 
-5917.0 -33269.0 17.41 
-5916.0 -33269.0 17.44 
-5915.0 -33269.0 17.94 
-5914.0 -33269.0 19.11 
-5913.0 -33269.0 17.73 
-5912.0 -33269.0 17.24 
-5911.0 -33269.0 17.1 
-5910.0 -33269.0 17.12 
-5909.0 -33269.0 17.06 
-5908.0 -33269.0 16.98 
-5907.0 -33269.0 16.92 
-5906.0 -33269.0 16.93 
-5905.0 -33269.0 16.83 
-5904.0 -33269.0 16.81 
-5903.0 -33269.0 16.74 
-5902.0 -33269.0 16.8 
-5901.0 -33269.0 16.68 
-5900.0 -33269.0 16.63 
-5899.0 -33269.0 16.58 
-5898.0 -33269.0 16.51 
-5897.0 -33269.0 16.47 
-5896.0 -33269.0 15.97 
-5895.0 -33269.0 15.67 
-5894.0 -33269.0 15.34 
-5893.0 -33269.0 15.0 
-5892.0 -33269.0 16.77 
-5891.0 -33269.0 25.02 
-5890.0 -33269.0 30.83 
-5889.0 -33269.0 34.5 
-5888.0 -33269.0 33.44 
-5887.0 -33269.0 34.89 
-5886.0 -33269.0 40.39 
-5885.0 -33269.0 39.44 
-5884.0 -33269.0 43.32 
-5883.0 -33269.0 44.84 
-5882.0 -33269.0 44.74 
-5881.0 -33269.0 44.23 
-5880.0 -33269.0 44.39 
-5879.0 -33269.0 44.18 
-5878.0 -33269.0 44.1 
-5877.0 -33269.0 44.14 
-5876.0 -33269.0 44.34 
-5875.0 -33269.0 43.53 
-5874.0 -33269.0 39.07 
-5873.0 -33269.0 32.03 
-5872.0 -33269.0 27.33 
-5871.0 -33269.0 25.93 
-5870.0 -33269.0 26.14 
-5869.0 -33269.0 26.16 
-5918.0 -33268.0 17.54 
-5917.0 -33268.0 17.47 
-5916.0 -33268.0 17.31 
-5915.0 -33268.0 17.44 
-5914.0 -33268.0 17.38 
-5913.0 -33268.0 16.84 
-5912.0 -33268.0 16.96 
-5911.0 -33268.0 16.91 
-5910.0 -33268.0 16.89 
-5909.0 -33268.0 16.91 
-5908.0 -33268.0 16.84 
-5907.0 -33268.0 16.84 
-5906.0 -33268.0 16.94 
-5905.0 -33268.0 16.87 
-5904.0 -33268.0 16.84 
-5903.0 -33268.0 16.71 
-5902.0 -33268.0 16.74 
-5901.0 -33268.0 16.69 
-5900.0 -33268.0 16.64 
-5899.0 -33268.0 16.56 
-5898.0 -33268.0 15.99 
-5897.0 -33268.0 15.78 
-5896.0 -33268.0 16.22 
-5895.0 -33268.0 16.96 
-5894.0 -33268.0 19.01 
-5893.0 -33268.0 16.94 
-5892.0 -33268.0 16.46 
-5891.0 -33268.0 34.67 
-5890.0 -33268.0 39.74 
-5889.0 -33268.0 40.73 
-5888.0 -33268.0 41.09 
-5887.0 -33268.0 43.77 
-5886.0 -33268.0 45.5 
-5885.0 -33268.0 45.43 
-5884.0 -33268.0 44.27 
-5883.0 -33268.0 44.24 
-5882.0 -33268.0 44.21 
-5881.0 -33268.0 43.97 
-5880.0 -33268.0 43.99 
-5879.0 -33268.0 43.96 
-5878.0 -33268.0 43.93 
-5877.0 -33268.0 44.01 
-5876.0 -33268.0 44.07 
-5875.0 -33268.0 43.74 
-5874.0 -33268.0 40.53 
-5873.0 -33268.0 34.89 
-5872.0 -33268.0 29.76 
-5871.0 -33268.0 27.12 
-5870.0 -33268.0 27.72 
-5869.0 -33268.0 27.06 
-5918.0 -33267.0 16.84 
-5917.0 -33267.0 16.94 
-5916.0 -33267.0 17.57 
-5915.0 -33267.0 16.59 
-5914.0 -33267.0 16.1 
-5913.0 -33267.0 16.62 
-5912.0 -33267.0 16.81 
-5911.0 -33267.0 16.64 
-5910.0 -33267.0 17.44 
-5909.0 -33267.0 17.38 
-5908.0 -33267.0 16.69 
-5907.0 -33267.0 16.63 
-5906.0 -33267.0 16.91 
-5905.0 -33267.0 16.87 
-5904.0 -33267.0 16.87 
-5903.0 -33267.0 16.78 
-5902.0 -33267.0 16.74 
-5901.0 -33267.0 16.68 
-5900.0 -33267.0 16.66 
-5899.0 -33267.0 16.33 
-5898.0 -33267.0 15.41 
-5897.0 -33267.0 15.77 
-5896.0 -33267.0 21.38 
-5895.0 -33267.0 23.31 
-5894.0 -33267.0 29.64 
-5893.0 -33267.0 34.34 
-5892.0 -33267.0 39.41 
-5891.0 -33267.0 41.03 
-5890.0 -33267.0 44.94 
-5889.0 -33267.0 44.29 
-5888.0 -33267.0 44.59 
-5887.0 -33267.0 45.09 
-5886.0 -33267.0 45.91 
-5885.0 -33267.0 44.96 
-5884.0 -33267.0 43.94 
-5883.0 -33267.0 44.01 
-5882.0 -33267.0 43.98 
-5881.0 -33267.0 43.92 
-5880.0 -33267.0 43.94 
-5879.0 -33267.0 43.94 
-5878.0 -33267.0 43.93 
-5877.0 -33267.0 43.97 
-5876.0 -33267.0 44.0 
-5875.0 -33267.0 44.24 
-5874.0 -33267.0 44.09 
-5873.0 -33267.0 35.44 
-5872.0 -33267.0 30.5 
-5871.0 -33267.0 28.07 
-5870.0 -33267.0 27.89 
-5869.0 -33267.0 26.94 
-5918.0 -33266.0 17.81 
-5917.0 -33266.0 17.08 
-5916.0 -33266.0 22.43 
-5915.0 -33266.0 22.19 
-5914.0 -33266.0 21.72 
-5913.0 -33266.0 23.24 
-5912.0 -33266.0 21.99 
-5911.0 -33266.0 20.58 
-5910.0 -33266.0 21.3 
-5909.0 -33266.0 20.16 
-5908.0 -33266.0 18.34 
-5907.0 -33266.0 17.24 
-5906.0 -33266.0 16.94 
-5905.0 -33266.0 16.84 
-5904.0 -33266.0 16.91 
-5903.0 -33266.0 16.76 
-5902.0 -33266.0 16.7 
-5901.0 -33266.0 16.64 
-5900.0 -33266.0 16.21 
-5899.0 -33266.0 17.08 
-5898.0 -33266.0 26.47 
-5897.0 -33266.0 30.38 
-5896.0 -33266.0 45.14 
-5895.0 -33266.0 31.58 
-5894.0 -33266.0 41.34 
-5893.0 -33266.0 47.41 
-5892.0 -33266.0 47.59 
-5891.0 -33266.0 44.79 
-5890.0 -33266.0 40.9 
-5889.0 -33266.0 44.58 
-5888.0 -33266.0 45.49 
-5887.0 -33266.0 45.99 
-5886.0 -33266.0 46.03 
-5885.0 -33266.0 44.92 
-5884.0 -33266.0 43.91 
-5883.0 -33266.0 43.92 
-5882.0 -33266.0 44.03 
-5881.0 -33266.0 43.98 
-5880.0 -33266.0 43.91 
-5879.0 -33266.0 44.06 
-5878.0 -33266.0 44.06 
-5877.0 -33266.0 44.04 
-5876.0 -33266.0 43.98 
-5875.0 -33266.0 44.88 
-5874.0 -33266.0 45.23 
-5873.0 -33266.0 37.21 
-5872.0 -33266.0 31.73 
-5871.0 -33266.0 28.04 
-5870.0 -33266.0 28.19 
-5869.0 -33266.0 27.59 
-5918.0 -33265.0 28.9 
-5917.0 -33265.0 32.48 
-5916.0 -33265.0 33.88 
-5915.0 -33265.0 37.84 
-5914.0 -33265.0 36.17 
-5913.0 -33265.0 33.03 
-5912.0 -33265.0 33.02 
-5911.0 -33265.0 29.01 
-5910.0 -33265.0 29.14 
-5909.0 -33265.0 25.02 
-5908.0 -33265.0 21.98 
-5907.0 -33265.0 18.8 
-5906.0 -33265.0 16.91 
-5905.0 -33265.0 16.68 
-5904.0 -33265.0 16.82 
-5903.0 -33265.0 16.72 
-5902.0 -33265.0 16.87 
-5901.0 -33265.0 16.68 
-5900.0 -33265.0 16.42 
-5899.0 -33265.0 15.12 
-5898.0 -33265.0 43.3 
-5897.0 -33265.0 49.7 
-5896.0 -33265.0 48.87 
-5895.0 -33265.0 48.52 
-5894.0 -33265.0 48.32 
-5893.0 -33265.0 47.76 
-5892.0 -33265.0 47.14 
-5891.0 -33265.0 48.31 
-5890.0 -33265.0 47.0 
-5889.0 -33265.0 45.81 
-5888.0 -33265.0 43.94 
-5887.0 -33265.0 45.28 
-5886.0 -33265.0 46.1 
-5885.0 -33265.0 44.93 
-5884.0 -33265.0 43.98 
-5883.0 -33265.0 43.89 
-5882.0 -33265.0 43.93 
-5881.0 -33265.0 43.96 
-5880.0 -33265.0 43.94 
-5879.0 -33265.0 45.76 
-5878.0 -33265.0 44.52 
-5877.0 -33265.0 44.63 
-5876.0 -33265.0 43.98 
-5875.0 -33265.0 44.14 
-5874.0 -33265.0 45.18 
-5873.0 -33265.0 41.01 
-5872.0 -33265.0 34.0 
-5871.0 -33265.0 29.38 
-5870.0 -33265.0 28.29 
-5869.0 -33265.0 27.29 
-5918.0 -33264.0 38.44 
-5917.0 -33264.0 37.91 
-5916.0 -33264.0 38.34 
-5915.0 -33264.0 38.17 
-5914.0 -33264.0 38.04 
-5913.0 -33264.0 37.93 
-5912.0 -33264.0 38.59 
-5911.0 -33264.0 38.44 
-5910.0 -33264.0 38.36 
-5909.0 -33264.0 29.3 
-5908.0 -33264.0 23.57 
-5907.0 -33264.0 19.16 
-5906.0 -33264.0 17.0 
-5905.0 -33264.0 16.84 
-5904.0 -33264.0 16.81 
-5903.0 -33264.0 16.94 
-5902.0 -33264.0 17.98 
-5901.0 -33264.0 17.14 
-5900.0 -33264.0 16.14 
-5899.0 -33264.0 25.69 
-5898.0 -33264.0 48.04 
-5897.0 -33264.0 46.3 
-5896.0 -33264.0 47.73 
-5895.0 -33264.0 48.34 
-5894.0 -33264.0 47.33 
-5893.0 -33264.0 47.41 
-5892.0 -33264.0 47.5 
-5891.0 -33264.0 49.78 
-5890.0 -33264.0 47.93 
-5889.0 -33264.0 42.16 
-5888.0 -33264.0 43.71 
-5887.0 -33264.0 45.03 
-5886.0 -33264.0 45.99 
-5885.0 -33264.0 45.83 
-5884.0 -33264.0 44.99 
-5883.0 -33264.0 43.93 
-5882.0 -33264.0 43.94 
-5881.0 -33264.0 44.01 
-5880.0 -33264.0 43.87 
-5879.0 -33264.0 44.54 
-5878.0 -33264.0 46.17 
-5877.0 -33264.0 45.69 
-5876.0 -33264.0 44.49 
-5875.0 -33264.0 42.34 
-5874.0 -33264.0 42.32 
-5873.0 -33264.0 42.54 
-5872.0 -33264.0 34.77 
-5871.0 -33264.0 29.54 
-5870.0 -33264.0 28.14 
-5869.0 -33264.0 27.84 
-5918.0 -33263.0 38.21 
-5917.0 -33263.0 37.87 
-5916.0 -33263.0 38.44 
-5915.0 -33263.0 37.97 
-5914.0 -33263.0 37.83 
-5913.0 -33263.0 38.04 
-5912.0 -33263.0 38.01 
-5911.0 -33263.0 38.5 
-5910.0 -33263.0 37.3 
-5909.0 -33263.0 27.13 
-5908.0 -33263.0 24.36 
-5907.0 -33263.0 20.02 
-5906.0 -33263.0 17.04 
-5905.0 -33263.0 16.69 
-5904.0 -33263.0 16.8 
-5903.0 -33263.0 16.74 
-5902.0 -33263.0 16.98 
-5901.0 -33263.0 16.77 
-5900.0 -33263.0 17.56 
-5899.0 -33263.0 27.54 
-5898.0 -33263.0 47.48 
-5897.0 -33263.0 33.42 
-5896.0 -33263.0 47.52 
-5895.0 -33263.0 47.36 
-5894.0 -33263.0 47.0 
-5893.0 -33263.0 47.49 
-5892.0 -33263.0 48.39 
-5891.0 -33263.0 51.64 
-5890.0 -33263.0 52.34 
-5889.0 -33263.0 50.52 
-5888.0 -33263.0 45.37 
-5887.0 -33263.0 44.71 
-5886.0 -33263.0 46.04 
-5885.0 -33263.0 46.39 
-5884.0 -33263.0 45.56 
-5883.0 -33263.0 43.81 
-5882.0 -33263.0 43.96 
-5881.0 -33263.0 43.87 
-5880.0 -33263.0 44.34 
-5879.0 -33263.0 45.28 
-5878.0 -33263.0 46.48 
-5877.0 -33263.0 44.94 
-5876.0 -33263.0 44.42 
-5875.0 -33263.0 40.11 
-5874.0 -33263.0 37.01 
-5873.0 -33263.0 40.2 
-5872.0 -33263.0 33.52 
-5871.0 -33263.0 28.74 
-5870.0 -33263.0 26.61 
-5869.0 -33263.0 27.3 
-5918.0 -33262.0 38.0 
-5917.0 -33262.0 37.73 
-5916.0 -33262.0 37.76 
-5915.0 -33262.0 37.84 
-5914.0 -33262.0 37.84 
-5913.0 -33262.0 37.84 
-5912.0 -33262.0 37.79 
-5911.0 -33262.0 38.01 
-5910.0 -33262.0 38.11 
-5909.0 -33262.0 33.87 
-5908.0 -33262.0 25.83 
-5907.0 -33262.0 21.27 
-5906.0 -33262.0 17.26 
-5905.0 -33262.0 16.74 
-5904.0 -33262.0 16.74 
-5903.0 -33262.0 16.69 
-5902.0 -33262.0 16.68 
-5901.0 -33262.0 16.76 
-5900.0 -33262.0 26.58 
-5899.0 -33262.0 36.77 
-5898.0 -33262.0 48.24 
-5897.0 -33262.0 42.3 
-5896.0 -33262.0 46.87 
-5895.0 -33262.0 48.07 
-5894.0 -33262.0 48.99 
-5893.0 -33262.0 49.16 
-5892.0 -33262.0 49.52 
-5891.0 -33262.0 53.79 
-5890.0 -33262.0 52.84 
-5889.0 -33262.0 52.06 
-5888.0 -33262.0 47.02 
-5887.0 -33262.0 45.58 
-5886.0 -33262.0 46.22 
-5885.0 -33262.0 46.2 
-5884.0 -33262.0 45.4 
-5883.0 -33262.0 44.03 
-5882.0 -33262.0 43.77 
-5881.0 -33262.0 44.26 
-5880.0 -33262.0 46.67 
-5879.0 -33262.0 47.69 
-5878.0 -33262.0 48.47 
-5877.0 -33262.0 42.1 
-5876.0 -33262.0 37.96 
-5875.0 -33262.0 36.72 
-5874.0 -33262.0 35.83 
-5873.0 -33262.0 36.98 
-5872.0 -33262.0 33.54 
-5871.0 -33262.0 27.98 
-5870.0 -33262.0 26.87 
-5869.0 -33262.0 26.74 
-5918.0 -33261.0 38.43 
-5917.0 -33261.0 39.21 
-5916.0 -33261.0 38.5 
-5915.0 -33261.0 37.86 
-5914.0 -33261.0 37.89 
-5913.0 -33261.0 37.81 
-5912.0 -33261.0 37.74 
-5911.0 -33261.0 37.84 
-5910.0 -33261.0 38.08 
-5909.0 -33261.0 35.1 
-5908.0 -33261.0 27.14 
-5907.0 -33261.0 20.21 
-5906.0 -33261.0 16.84 
-5905.0 -33261.0 16.61 
-5904.0 -33261.0 16.76 
-5903.0 -33261.0 16.64 
-5902.0 -33261.0 16.22 
-5901.0 -33261.0 16.53 
-5900.0 -33261.0 25.14 
-5899.0 -33261.0 36.02 
-5898.0 -33261.0 46.73 
-5897.0 -33261.0 47.48 
-5896.0 -33261.0 48.94 
-5895.0 -33261.0 47.78 
-5894.0 -33261.0 48.0 
-5893.0 -33261.0 48.54 
-5892.0 -33261.0 47.8 
-5891.0 -33261.0 51.39 
-5890.0 -33261.0 52.77 
-5889.0 -33261.0 50.71 
-5888.0 -33261.0 46.82 
-5887.0 -33261.0 44.56 
-5886.0 -33261.0 44.22 
-5885.0 -33261.0 44.14 
-5884.0 -33261.0 44.13 
-5883.0 -33261.0 43.68 
-5882.0 -33261.0 43.81 
-5881.0 -33261.0 45.73 
-5880.0 -33261.0 47.34 
-5879.0 -33261.0 49.38 
-5878.0 -33261.0 49.3 
-5877.0 -33261.0 42.74 
-5876.0 -33261.0 34.94 
-5875.0 -33261.0 34.07 
-5874.0 -33261.0 34.94 
-5873.0 -33261.0 35.06 
-5872.0 -33261.0 31.48 
-5871.0 -33261.0 28.37 
-5870.0 -33261.0 27.91 
-5869.0 -33261.0 28.09 
-5918.0 -33260.0 41.99 
-5917.0 -33260.0 42.44 
-5916.0 -33260.0 41.28 
-5915.0 -33260.0 39.39 
-5914.0 -33260.0 38.06 
-5913.0 -33260.0 37.94 
-5912.0 -33260.0 38.18 
-5911.0 -33260.0 36.91 
-5910.0 -33260.0 35.19 
-5909.0 -33260.0 23.23 
-5908.0 -33260.0 18.61 
-5907.0 -33260.0 17.43 
-5906.0 -33260.0 16.79 
-5905.0 -33260.0 16.66 
-5904.0 -33260.0 16.71 
-5903.0 -33260.0 16.61 
-5902.0 -33260.0 16.72 
-5901.0 -33260.0 18.63 
-5900.0 -33260.0 37.13 
-5899.0 -33260.0 42.0 
-5898.0 -33260.0 48.99 
-5897.0 -33260.0 49.53 
-5896.0 -33260.0 49.02 
-5895.0 -33260.0 47.37 
-5894.0 -33260.0 47.0 
-5893.0 -33260.0 47.6 
-5892.0 -33260.0 49.1 
-5891.0 -33260.0 53.04 
-5890.0 -33260.0 52.49 
-5889.0 -33260.0 52.38 
-5888.0 -33260.0 49.77 
-5887.0 -33260.0 44.52 
-5886.0 -33260.0 42.66 
-5885.0 -33260.0 42.89 
-5884.0 -33260.0 44.44 
-5883.0 -33260.0 41.37 
-5882.0 -33260.0 43.66 
-5881.0 -33260.0 44.24 
-5880.0 -33260.0 46.32 
-5879.0 -33260.0 49.58 
-5878.0 -33260.0 50.83 
-5877.0 -33260.0 46.24 
-5876.0 -33260.0 36.67 
-5875.0 -33260.0 35.21 
-5874.0 -33260.0 35.2 
-5873.0 -33260.0 37.0 
-5872.0 -33260.0 30.29 
-5871.0 -33260.0 28.21 
-5870.0 -33260.0 28.26 
-5869.0 -33260.0 28.28 
-5918.0 -33259.0 45.86 
-5917.0 -33259.0 45.04 
-5916.0 -33259.0 43.23 
-5915.0 -33259.0 38.97 
-5914.0 -33259.0 37.94 
-5913.0 -33259.0 38.1 
-5912.0 -33259.0 37.84 
-5911.0 -33259.0 35.3 
-5910.0 -33259.0 33.66 
-5909.0 -33259.0 15.99 
-5908.0 -33259.0 16.29 
-5907.0 -33259.0 16.73 
-5906.0 -33259.0 16.74 
-5905.0 -33259.0 16.74 
-5904.0 -33259.0 16.74 
-5903.0 -33259.0 16.57 
-5902.0 -33259.0 16.51 
-5901.0 -33259.0 17.54 
-5900.0 -33259.0 30.66 
-5899.0 -33259.0 25.44 
-5898.0 -33259.0 46.66 
-5897.0 -33259.0 48.83 
-5896.0 -33259.0 49.36 
-5895.0 -33259.0 48.49 
-5894.0 -33259.0 47.26 
-5893.0 -33259.0 47.69 
-5892.0 -33259.0 48.59 
-5891.0 -33259.0 53.14 
-5890.0 -33259.0 52.68 
-5889.0 -33259.0 45.53 
-5888.0 -33259.0 45.7 
-5887.0 -33259.0 42.79 
-5886.0 -33259.0 42.33 
-5885.0 -33259.0 41.99 
-5884.0 -33259.0 42.89 
-5883.0 -33259.0 41.34 
-5882.0 -33259.0 39.91 
-5881.0 -33259.0 39.61 
-5880.0 -33259.0 42.72 
-5879.0 -33259.0 45.99 
-5878.0 -33259.0 49.22 
-5877.0 -33259.0 47.72 
-5876.0 -33259.0 42.88 
-5875.0 -33259.0 37.7 
-5874.0 -33259.0 36.04 
-5873.0 -33259.0 39.81 
-5872.0 -33259.0 36.42 
-5871.0 -33259.0 30.84 
-5870.0 -33259.0 29.9 
-5869.0 -33259.0 28.02 
-5918.0 -33258.0 44.95 
-5917.0 -33258.0 45.95 
-5916.0 -33258.0 41.75 
-5915.0 -33258.0 37.65 
-5914.0 -33258.0 38.65 
-5913.0 -33258.0 36.87 
-5912.0 -33258.0 35.34 
-5911.0 -33258.0 29.56 
-5910.0 -33258.0 23.62 
-5909.0 -33258.0 17.03 
-5908.0 -33258.0 16.82 
-5907.0 -33258.0 16.79 
-5906.0 -33258.0 16.77 
-5905.0 -33258.0 16.76 
-5904.0 -33258.0 16.72 
-5903.0 -33258.0 16.48 
-5902.0 -33258.0 15.97 
-5901.0 -33258.0 19.34 
-5900.0 -33258.0 36.87 
-5899.0 -33258.0 37.98 
-5898.0 -33258.0 48.62 
-5897.0 -33258.0 49.49 
-5896.0 -33258.0 49.41 
-5895.0 -33258.0 48.57 
-5894.0 -33258.0 47.12 
-5893.0 -33258.0 47.81 
-5892.0 -33258.0 46.87 
-5891.0 -33258.0 46.87 
-5890.0 -33258.0 45.54 
-5889.0 -33258.0 45.58 
-5888.0 -33258.0 45.56 
-5887.0 -33258.0 44.93 
-5886.0 -33258.0 43.32 
-5885.0 -33258.0 38.74 
-5884.0 -33258.0 38.13 
-5883.0 -33258.0 35.54 
-5882.0 -33258.0 31.94 
-5881.0 -33258.0 35.5 
-5880.0 -33258.0 39.34 
-5879.0 -33258.0 43.33 
-5878.0 -33258.0 44.44 
-5877.0 -33258.0 43.26 
-5876.0 -33258.0 45.37 
-5875.0 -33258.0 41.21 
-5874.0 -33258.0 40.86 
-5873.0 -33258.0 41.4 
-5872.0 -33258.0 40.24 
-5871.0 -33258.0 38.26 
-5870.0 -33258.0 30.96 
-5869.0 -33258.0 28.08 
-5918.0 -33257.0 35.85 
-5917.0 -33257.0 42.55 
-5916.0 -33257.0 37.75 
-5915.0 -33257.0 37.95 
-5914.0 -33257.0 38.05 
-5913.0 -33257.0 32.45 
-5912.0 -33257.0 24.15 
-5911.0 -33257.0 19.26 
-5910.0 -33257.0 18.56 
-5909.0 -33257.0 16.9 
-5908.0 -33257.0 16.78 
-5907.0 -33257.0 16.76 
-5906.0 -33257.0 16.64 
-5905.0 -33257.0 16.64 
-5904.0 -33257.0 16.69 
-5903.0 -33257.0 16.44 
-5902.0 -33257.0 16.21 
-5901.0 -33257.0 16.86 
-5900.0 -33257.0 19.21 
-5899.0 -33257.0 27.94 
-5898.0 -33257.0 46.81 
-5897.0 -33257.0 49.59 
-5896.0 -33257.0 49.5 
-5895.0 -33257.0 49.43 
-5894.0 -33257.0 48.93 
-5893.0 -33257.0 48.82 
-5892.0 -33257.0 48.68 
-5891.0 -33257.0 45.59 
-5890.0 -33257.0 45.54 
-5889.0 -33257.0 45.58 
-5888.0 -33257.0 45.4 
-5887.0 -33257.0 42.77 
-5886.0 -33257.0 39.76 
-5885.0 -33257.0 35.36 
-5884.0 -33257.0 32.87 
-5883.0 -33257.0 32.02 
-5882.0 -33257.0 30.91 
-5881.0 -33257.0 33.0 
-5880.0 -33257.0 35.28 
-5879.0 -33257.0 36.67 
-5878.0 -33257.0 40.48 
-5877.0 -33257.0 41.14 
-5876.0 -33257.0 42.21 
-5875.0 -33257.0 42.67 
-5874.0 -33257.0 42.72 
-5873.0 -33257.0 42.94 
-5872.0 -33257.0 42.6 
-5871.0 -33257.0 40.62 
-5870.0 -33257.0 32.3 
-5869.0 -33257.0 28.34 
-5918.0 -33256.0 25.75 
-5917.0 -33256.0 27.45 
-5916.0 -33256.0 35.15 
-5915.0 -33256.0 36.05 
-5914.0 -33256.0 30.75 
-5913.0 -33256.0 23.35 
-5912.0 -33256.0 18.55 
-5911.0 -33256.0 16.55 
-5910.0 -33256.0 16.95 
-5909.0 -33256.0 16.87 
-5908.0 -33256.0 16.9 
-5907.0 -33256.0 16.69 
-5906.0 -33256.0 16.83 
-5905.0 -33256.0 16.9 
-5904.0 -33256.0 16.61 
-5903.0 -33256.0 16.52 
-5902.0 -33256.0 16.23 
-5901.0 -33256.0 15.99 
-5900.0 -33256.0 17.27 
-5899.0 -33256.0 29.78 
-5898.0 -33256.0 34.89 
-5897.0 -33256.0 50.84 
-5896.0 -33256.0 50.0 
-5895.0 -33256.0 50.01 
-5894.0 -33256.0 50.17 
-5893.0 -33256.0 49.97 
-5892.0 -33256.0 48.94 
-5891.0 -33256.0 45.59 
-5890.0 -33256.0 45.5 
-5889.0 -33256.0 45.58 
-5888.0 -33256.0 45.64 
-5887.0 -33256.0 45.73 
-5886.0 -33256.0 39.14 
-5885.0 -33256.0 32.52 
-5884.0 -33256.0 30.37 
-5883.0 -33256.0 30.1 
-5882.0 -33256.0 29.93 
-5881.0 -33256.0 31.66 
-5880.0 -33256.0 33.68 
-5879.0 -33256.0 38.06 
-5878.0 -33256.0 40.86 
-5877.0 -33256.0 40.89 
-5876.0 -33256.0 41.57 
-5875.0 -33256.0 42.01 
-5874.0 -33256.0 42.77 
-5873.0 -33256.0 42.96 
-5872.0 -33256.0 43.04 
-5871.0 -33256.0 39.84 
-5870.0 -33256.0 32.61 
-5869.0 -33256.0 27.88 
-5918.0 -33255.0 24.85 
-5917.0 -33255.0 22.75 
-5916.0 -33255.0 27.55 
-5915.0 -33255.0 23.15 
-5914.0 -33255.0 19.65 
-5913.0 -33255.0 16.55 
-5912.0 -33255.0 17.15 
-5911.0 -33255.0 16.95 
-5910.0 -33255.0 17.05 
-5909.0 -33255.0 16.85 
-5908.0 -33255.0 16.91 
-5907.0 -33255.0 17.89 
-5906.0 -33255.0 20.04 
-5905.0 -33255.0 18.17 
-5904.0 -33255.0 16.78 
-5903.0 -33255.0 16.43 
-5902.0 -33255.0 16.38 
-5901.0 -33255.0 16.26 
-5900.0 -33255.0 15.11 
-5899.0 -33255.0 18.66 
-5898.0 -33255.0 30.64 
-5897.0 -33255.0 50.77 
-5896.0 -33255.0 50.23 
-5895.0 -33255.0 50.08 
-5894.0 -33255.0 49.99 
-5893.0 -33255.0 50.01 
-5892.0 -33255.0 48.82 
-5891.0 -33255.0 46.74 
-5890.0 -33255.0 45.86 
-5889.0 -33255.0 45.64 
-5888.0 -33255.0 45.66 
-5887.0 -33255.0 44.14 
-5886.0 -33255.0 32.64 
-5885.0 -33255.0 28.0 
-5884.0 -33255.0 26.52 
-5883.0 -33255.0 27.51 
-5882.0 -33255.0 29.66 
-5881.0 -33255.0 29.89 
-5880.0 -33255.0 30.64 
-5879.0 -33255.0 32.88 
-5878.0 -33255.0 34.27 
-5877.0 -33255.0 40.71 
-5876.0 -33255.0 41.81 
-5875.0 -33255.0 42.4 
-5874.0 -33255.0 42.73 
-5873.0 -33255.0 43.02 
-5872.0 -33255.0 43.03 
-5871.0 -33255.0 42.07 
-5870.0 -33255.0 38.3 
-5869.0 -33255.0 28.48 
-5918.0 -33254.0 24.15 
-5917.0 -33254.0 20.05 
-5916.0 -33254.0 16.45 
-5915.0 -33254.0 16.95 
-5914.0 -33254.0 16.95 
-5913.0 -33254.0 16.85 
-5912.0 -33254.0 16.85 
-5911.0 -33254.0 17.05 
-5910.0 -33254.0 17.05 
-5909.0 -33254.0 17.25 
-5908.0 -33254.0 18.05 
-5907.0 -33254.0 19.85 
-5906.0 -33254.0 23.03 
-5905.0 -33254.0 21.82 
-5904.0 -33254.0 16.54 
-5903.0 -33254.0 16.17 
-5902.0 -33254.0 16.12 
-5901.0 -33254.0 16.02 
-5900.0 -33254.0 15.22 
-5899.0 -33254.0 16.64 
-5898.0 -33254.0 30.37 
-5897.0 -33254.0 47.01 
-5896.0 -33254.0 49.87 
-5895.0 -33254.0 50.02 
-5894.0 -33254.0 50.03 
-5893.0 -33254.0 50.12 
-5892.0 -33254.0 49.79 
-5891.0 -33254.0 47.69 
-5890.0 -33254.0 46.47 
-5889.0 -33254.0 45.53 
-5888.0 -33254.0 45.61 
-5887.0 -33254.0 46.54 
-5886.0 -33254.0 45.58 
-5885.0 -33254.0 28.13 
-5884.0 -33254.0 24.62 
-5883.0 -33254.0 26.53 
-5882.0 -33254.0 29.48 
-5881.0 -33254.0 29.76 
-5880.0 -33254.0 29.56 
-5879.0 -33254.0 29.84 
-5878.0 -33254.0 33.8 
-5877.0 -33254.0 40.26 
-5876.0 -33254.0 41.34 
-5875.0 -33254.0 40.97 
-5874.0 -33254.0 42.32 
-5873.0 -33254.0 42.98 
-5872.0 -33254.0 42.18 
-5871.0 -33254.0 41.52 
-5870.0 -33254.0 40.8 
-5869.0 -33254.0 28.9 
-5918.0 -33253.0 22.05 
-5917.0 -33253.0 18.55 
-5916.0 -33253.0 17.35 
-5915.0 -33253.0 17.35 
-5914.0 -33253.0 17.15 
-5913.0 -33253.0 17.15 
-5912.0 -33253.0 17.25 
-5911.0 -33253.0 17.05 
-5910.0 -33253.0 17.05 
-5909.0 -33253.0 18.45 
-5908.0 -33253.0 21.85 
-5907.0 -33253.0 23.85 
-5906.0 -33253.0 24.85 
-5905.0 -33253.0 22.78 
-5904.0 -33253.0 17.57 
-5903.0 -33253.0 15.84 
-5902.0 -33253.0 15.94 
-5901.0 -33253.0 16.19 
-5900.0 -33253.0 15.29 
-5899.0 -33253.0 16.03 
-5898.0 -33253.0 21.71 
-5897.0 -33253.0 38.72 
-5896.0 -33253.0 51.04 
-5895.0 -33253.0 50.62 
-5894.0 -33253.0 49.92 
-5893.0 -33253.0 50.13 
-5892.0 -33253.0 49.57 
-5891.0 -33253.0 47.2 
-5890.0 -33253.0 47.19 
-5889.0 -33253.0 46.24 
-5888.0 -33253.0 46.32 
-5887.0 -33253.0 45.96 
-5886.0 -33253.0 37.64 
-5885.0 -33253.0 25.89 
-5884.0 -33253.0 25.19 
-5883.0 -33253.0 28.31 
-5882.0 -33253.0 29.84 
-5881.0 -33253.0 29.91 
-5880.0 -33253.0 29.64 
-5879.0 -33253.0 28.74 
-5878.0 -33253.0 29.11 
-5877.0 -33253.0 39.57 
-5876.0 -33253.0 41.84 
-5875.0 -33253.0 41.46 
-5874.0 -33253.0 42.38 
-5873.0 -33253.0 42.54 
-5872.0 -33253.0 37.44 
-5871.0 -33253.0 36.02 
-5870.0 -33253.0 36.94 
-5869.0 -33253.0 30.34 
-5918.0 -33252.0 18.45 
-5917.0 -33252.0 17.45 
-5916.0 -33252.0 17.35 
-5915.0 -33252.0 17.35 
-5914.0 -33252.0 17.25 
-5913.0 -33252.0 17.35 
-5912.0 -33252.0 16.85 
-5911.0 -33252.0 17.65 
-5910.0 -33252.0 18.25 
-5909.0 -33252.0 22.85 
-5908.0 -33252.0 25.35 
-5907.0 -33252.0 25.15 
-5906.0 -33252.0 24.85 
-5905.0 -33252.0 24.85 
-5904.0 -33252.0 16.56 
-5903.0 -33252.0 16.13 
-5902.0 -33252.0 16.48 
-5901.0 -33252.0 16.17 
-5900.0 -33252.0 15.78 
-5899.0 -33252.0 15.44 
-5898.0 -33252.0 15.84 
-5897.0 -33252.0 22.19 
-5896.0 -33252.0 48.79 
-5895.0 -33252.0 50.06 
-5894.0 -33252.0 48.18 
-5893.0 -33252.0 48.84 
-5892.0 -33252.0 47.87 
-5891.0 -33252.0 44.54 
-5890.0 -33252.0 46.01 
-5889.0 -33252.0 40.42 
-5888.0 -33252.0 44.44 
-5887.0 -33252.0 38.99 
-5886.0 -33252.0 30.84 
-5885.0 -33252.0 28.16 
-5884.0 -33252.0 26.91 
-5883.0 -33252.0 27.53 
-5882.0 -33252.0 28.21 
-5881.0 -33252.0 29.76 
-5880.0 -33252.0 29.76 
-5879.0 -33252.0 27.51 
-5878.0 -33252.0 24.42 
-5877.0 -33252.0 37.58 
-5876.0 -33252.0 41.61 
-5875.0 -33252.0 40.63 
-5874.0 -33252.0 39.24 
-5873.0 -33252.0 39.23 
-5872.0 -33252.0 33.91 
-5871.0 -33252.0 31.84 
-5870.0 -33252.0 31.63 
-5869.0 -33252.0 31.04 
-5918.0 -33251.0 17.25 
-5917.0 -33251.0 17.45 
-5916.0 -33251.0 17.45 
-5915.0 -33251.0 17.35 
-5914.0 -33251.0 17.25 
-5913.0 -33251.0 17.85 
-5912.0 -33251.0 19.35 
-5911.0 -33251.0 23.65 
-5910.0 -33251.0 23.95 
-5909.0 -33251.0 25.05 
-5908.0 -33251.0 24.95 
-5907.0 -33251.0 24.85 
-5906.0 -33251.0 24.75 
-5905.0 -33251.0 24.85 
-5904.0 -33251.0 23.95 
-5903.0 -33251.0 21.12 
-5902.0 -33251.0 17.54 
-5901.0 -33251.0 16.02 
-5900.0 -33251.0 15.59 
-5899.0 -33251.0 15.84 
-5898.0 -33251.0 14.77 
-5897.0 -33251.0 16.51 
-5896.0 -33251.0 39.74 
-5895.0 -33251.0 44.02 
-5894.0 -33251.0 46.29 
-5893.0 -33251.0 45.62 
-5892.0 -33251.0 43.08 
-5891.0 -33251.0 37.16 
-5890.0 -33251.0 34.94 
-5889.0 -33251.0 33.49 
-5888.0 -33251.0 34.64 
-5887.0 -33251.0 33.1 
-5886.0 -33251.0 30.99 
-5885.0 -33251.0 29.84 
-5884.0 -33251.0 28.51 
-5883.0 -33251.0 28.16 
-5882.0 -33251.0 28.2 
-5881.0 -33251.0 27.98 
-5880.0 -33251.0 28.39 
-5879.0 -33251.0 28.31 
-5878.0 -33251.0 29.54 
-5877.0 -33251.0 37.61 
-5876.0 -33251.0 35.12 
-5875.0 -33251.0 34.58 
-5874.0 -33251.0 33.71 
-5873.0 -33251.0 33.74 
-5872.0 -33251.0 32.02 
-5871.0 -33251.0 31.01 
-5870.0 -33251.0 31.18 
-5869.0 -33251.0 31.24 
-5918.0 -33250.0 17.56 
-5917.0 -33250.0 17.61 
-5916.0 -33250.0 17.51 
-5915.0 -33250.0 17.39 
-5914.0 -33250.0 17.55 
-5913.0 -33250.0 19.25 
-5912.0 -33250.0 22.65 
-5911.0 -33250.0 24.75 
-5910.0 -33250.0 24.95 
-5909.0 -33250.0 24.85 
-5908.0 -33250.0 24.75 
-5907.0 -33250.0 24.75 
-5906.0 -33250.0 24.55 
-5905.0 -33250.0 24.55 
-5904.0 -33250.0 24.45 
-5903.0 -33250.0 21.0 
-5902.0 -33250.0 17.82 
-5901.0 -33250.0 15.99 
-5900.0 -33250.0 15.7 
-5899.0 -33250.0 15.53 
-5898.0 -33250.0 14.47 
-5897.0 -33250.0 15.16 
-5896.0 -33250.0 40.33 
-5895.0 -33250.0 34.9 
-5894.0 -33250.0 27.97 
-5893.0 -33250.0 33.78 
-5892.0 -33250.0 26.67 
-5891.0 -33250.0 27.99 
-5890.0 -33250.0 29.08 
-5889.0 -33250.0 28.68 
-5888.0 -33250.0 29.6 
-5887.0 -33250.0 29.64 
-5886.0 -33250.0 30.11 
-5885.0 -33250.0 28.63 
-5884.0 -33250.0 27.24 
-5883.0 -33250.0 27.5 
-5882.0 -33250.0 28.04 
-5881.0 -33250.0 27.63 
-5880.0 -33250.0 27.19 
-5879.0 -33250.0 27.04 
-5878.0 -33250.0 30.11 
-5877.0 -33250.0 33.36 
-5876.0 -33250.0 32.73 
-5875.0 -33250.0 32.21 
-5874.0 -33250.0 31.46 
-5873.0 -33250.0 31.3 
-5872.0 -33250.0 30.58 
-5871.0 -33250.0 30.17 
-5870.0 -33250.0 31.24 
-5869.0 -33250.0 31.19 
-5918.0 -33249.0 17.64 
-5917.0 -33249.0 17.67 
-5916.0 -33249.0 17.61 
-5915.0 -33249.0 18.77 
-5914.0 -33249.0 19.62 
-5913.0 -33249.0 22.55 
-5912.0 -33249.0 24.35 
-5911.0 -33249.0 24.75 
-5910.0 -33249.0 24.55 
-5909.0 -33249.0 24.65 
-5908.0 -33249.0 24.65 
-5907.0 -33249.0 24.55 
-5906.0 -33249.0 24.45 
-5905.0 -33249.0 24.35 
-5904.0 -33249.0 24.55 
-5903.0 -33249.0 22.65 
-5902.0 -33249.0 17.54 
-5901.0 -33249.0 15.74 
-5900.0 -33249.0 15.62 
-5899.0 -33249.0 15.7 
-5898.0 -33249.0 15.14 
-5897.0 -33249.0 15.67 
-5896.0 -33249.0 19.9 
-5895.0 -33249.0 20.5 
-5894.0 -33249.0 21.14 
-5893.0 -33249.0 24.69 
-5892.0 -33249.0 25.13 
-5891.0 -33249.0 26.48 
-5890.0 -33249.0 27.2 
-5889.0 -33249.0 27.69 
-5888.0 -33249.0 28.29 
-5887.0 -33249.0 27.99 
-5886.0 -33249.0 28.02 
-5885.0 -33249.0 27.06 
-5884.0 -33249.0 27.09 
-5883.0 -33249.0 27.33 
-5882.0 -33249.0 26.54 
-5881.0 -33249.0 26.41 
-5880.0 -33249.0 25.49 
-5879.0 -33249.0 23.49 
-5878.0 -33249.0 28.96 
-5877.0 -33249.0 31.83 
-5876.0 -33249.0 31.61 
-5875.0 -33249.0 31.37 
-5874.0 -33249.0 31.16 
-5873.0 -33249.0 31.32 
-5872.0 -33249.0 31.34 
-5871.0 -33249.0 30.84 
-5870.0 -33249.0 31.28 
-5869.0 -33249.0 31.36 
-5918.0 -33248.0 17.6 
-5917.0 -33248.0 17.54 
-5916.0 -33248.0 17.74 
-5915.0 -33248.0 21.77 
-5914.0 -33248.0 22.83 
-5913.0 -33248.0 24.4 
-5912.0 -33248.0 24.45 
-5911.0 -33248.0 23.95 
-5910.0 -33248.0 23.75 
-5909.0 -33248.0 24.55 
-5908.0 -33248.0 24.45 
-5907.0 -33248.0 24.35 
-5906.0 -33248.0 24.65 
-5905.0 -33248.0 25.15 
-5904.0 -33248.0 25.95 
-5903.0 -33248.0 26.45 
-5902.0 -33248.0 17.25 
-5901.0 -33248.0 15.49 
-5900.0 -33248.0 15.52 
-5899.0 -33248.0 15.58 
-5898.0 -33248.0 15.49 
-5897.0 -33248.0 15.17 
-5896.0 -33248.0 15.6 
-5895.0 -33248.0 15.83 
-5894.0 -33248.0 20.98 
-5893.0 -33248.0 23.82 
-5892.0 -33248.0 24.43 
-5891.0 -33248.0 25.97 
-5890.0 -33248.0 27.41 
-5889.0 -33248.0 28.29 
-5888.0 -33248.0 28.23 
-5887.0 -33248.0 27.38 
-5886.0 -33248.0 27.78 
-5885.0 -33248.0 27.44 
-5884.0 -33248.0 26.99 
-5883.0 -33248.0 26.44 
-5882.0 -33248.0 24.6 
-5881.0 -33248.0 24.8 
-5880.0 -33248.0 23.6 
-5879.0 -33248.0 23.8 
-5878.0 -33248.0 29.62 
-5877.0 -33248.0 31.64 
-5876.0 -33248.0 31.36 
-5875.0 -33248.0 31.22 
-5874.0 -33248.0 31.51 
-5873.0 -33248.0 32.41 
-5872.0 -33248.0 32.49 
-5871.0 -33248.0 31.61 
-5870.0 -33248.0 31.67 
-5869.0 -33248.0 31.83 
-5918.0 -33247.0 17.48 
-5917.0 -33247.0 17.58 
-5916.0 -33247.0 17.96 
-5915.0 -33247.0 20.92 
-5914.0 -33247.0 23.87 
-5913.0 -33247.0 24.34 
-5912.0 -33247.0 24.39 
-5911.0 -33247.0 24.15 
-5910.0 -33247.0 24.05 
-5909.0 -33247.0 24.45 
-5908.0 -33247.0 24.65 
-5907.0 -33247.0 25.05 
-5906.0 -33247.0 26.15 
-5905.0 -33247.0 27.25 
-5904.0 -33247.0 27.25 
-5903.0 -33247.0 26.85 
-5902.0 -33247.0 23.35 
-5901.0 -33247.0 16.26 
-5900.0 -33247.0 15.62 
-5899.0 -33247.0 15.52 
-5898.0 -33247.0 15.4 
-5897.0 -33247.0 15.34 
-5896.0 -33247.0 15.58 
-5895.0 -33247.0 18.34 
-5894.0 -33247.0 24.47 
-5893.0 -33247.0 23.98 
-5892.0 -33247.0 24.1 
-5891.0 -33247.0 25.42 
-5890.0 -33247.0 25.87 
-5889.0 -33247.0 27.31 
-5888.0 -33247.0 27.51 
-5887.0 -33247.0 27.39 
-5886.0 -33247.0 26.24 
-5885.0 -33247.0 25.84 
-5884.0 -33247.0 25.87 
-5883.0 -33247.0 24.84 
-5882.0 -33247.0 21.34 
-5881.0 -33247.0 18.79 
-5880.0 -33247.0 18.76 
-5879.0 -33247.0 21.13 
-5878.0 -33247.0 30.26 
-5877.0 -33247.0 31.49 
-5876.0 -33247.0 31.3 
-5875.0 -33247.0 31.7 
-5874.0 -33247.0 32.84 
-5873.0 -33247.0 34.02 
-5872.0 -33247.0 33.94 
-5871.0 -33247.0 31.98 
-5870.0 -33247.0 32.07 
-5869.0 -33247.0 31.84 
-5918.0 -33246.0 18.81 
-5917.0 -33246.0 17.48 
-5916.0 -33246.0 17.74 
-5915.0 -33246.0 19.64 
-5914.0 -33246.0 23.6 
-5913.0 -33246.0 23.8 
-5912.0 -33246.0 24.32 
-5911.0 -33246.0 24.45 
-5910.0 -33246.0 24.15 
-5909.0 -33246.0 24.05 
-5908.0 -33246.0 24.95 
-5907.0 -33246.0 27.05 
-5906.0 -33246.0 27.25 
-5905.0 -33246.0 27.25 
-5904.0 -33246.0 27.55 
-5903.0 -33246.0 27.75 
-5902.0 -33246.0 24.65 
-5901.0 -33246.0 19.75 
-5900.0 -33246.0 15.89 
-5899.0 -33246.0 15.44 
-5898.0 -33246.0 15.4 
-5897.0 -33246.0 15.32 
-5896.0 -33246.0 15.4 
-5895.0 -33246.0 15.14 
-5894.0 -33246.0 16.56 
-5893.0 -33246.0 26.78 
-5892.0 -33246.0 26.8 
-5891.0 -33246.0 26.14 
-5890.0 -33246.0 26.06 
-5889.0 -33246.0 27.47 
-5888.0 -33246.0 26.91 
-5887.0 -33246.0 24.64 
-5886.0 -33246.0 24.09 
-5885.0 -33246.0 24.07 
-5884.0 -33246.0 22.79 
-5883.0 -33246.0 20.64 
-5882.0 -33246.0 17.04 
-5881.0 -33246.0 15.34 
-5880.0 -33246.0 15.14 
-5879.0 -33246.0 16.33 
-5878.0 -33246.0 25.53 
-5877.0 -33246.0 31.07 
-5876.0 -33246.0 31.08 
-5875.0 -33246.0 31.43 
-5874.0 -33246.0 34.24 
-5873.0 -33246.0 35.42 
-5872.0 -33246.0 35.86 
-5871.0 -33246.0 35.27 
-5870.0 -33246.0 33.24 
-5869.0 -33246.0 31.73 
-5918.0 -33245.0 23.88 
-5917.0 -33245.0 22.81 
-5916.0 -33245.0 18.93 
-5915.0 -33245.0 17.64 
-5914.0 -33245.0 18.2 
-5913.0 -33245.0 22.94 
-5912.0 -33245.0 24.39 
-5911.0 -33245.0 24.47 
-5910.0 -33245.0 24.35 
-5909.0 -33245.0 23.95 
-5908.0 -33245.0 24.65 
-5907.0 -33245.0 26.85 
-5906.0 -33245.0 27.65 
-5905.0 -33245.0 27.25 
-5904.0 -33245.0 26.65 
-5903.0 -33245.0 25.55 
-5902.0 -33245.0 21.35 
-5901.0 -33245.0 18.85 
-5900.0 -33245.0 15.3 
-5899.0 -33245.0 15.11 
-5898.0 -33245.0 15.28 
-5897.0 -33245.0 15.33 
-5896.0 -33245.0 15.18 
-5895.0 -33245.0 14.87 
-5894.0 -33245.0 16.98 
-5893.0 -33245.0 25.36 
-5892.0 -33245.0 26.88 
-5891.0 -33245.0 27.11 
-5890.0 -33245.0 26.62 
-5889.0 -33245.0 24.02 
-5888.0 -33245.0 24.32 
-5887.0 -33245.0 21.88 
-5886.0 -33245.0 22.37 
-5885.0 -33245.0 21.09 
-5884.0 -33245.0 18.21 
-5883.0 -33245.0 17.17 
-5882.0 -33245.0 14.31 
-5881.0 -33245.0 12.84 
-5880.0 -33245.0 13.2 
-5879.0 -33245.0 12.97 
-5878.0 -33245.0 13.84 
-5877.0 -33245.0 28.36 
-5876.0 -33245.0 31.91 
-5875.0 -33245.0 33.57 
-5874.0 -33245.0 36.08 
-5873.0 -33245.0 36.12 
-5872.0 -33245.0 35.99 
-5871.0 -33245.0 35.42 
-5870.0 -33245.0 32.97 
-5869.0 -33245.0 31.32 
-5918.0 -33244.0 24.64 
-5917.0 -33244.0 23.74 
-5916.0 -33244.0 20.34 
-5915.0 -33244.0 16.54 
-5914.0 -33244.0 16.22 
-5913.0 -33244.0 20.73 
-5912.0 -33244.0 24.84 
-5911.0 -33244.0 24.12 
-5910.0 -33244.0 24.45 
-5909.0 -33244.0 24.25 
-5908.0 -33244.0 23.95 
-5907.0 -33244.0 26.15 
-5906.0 -33244.0 26.15 
-5905.0 -33244.0 23.35 
-5904.0 -33244.0 21.05 
-5903.0 -33244.0 18.95 
-5902.0 -33244.0 17.25 
-5901.0 -33244.0 16.45 
-5900.0 -33244.0 15.55 
-5899.0 -33244.0 15.31 
-5898.0 -33244.0 15.29 
-5897.0 -33244.0 15.24 
-5896.0 -33244.0 15.12 
-5895.0 -33244.0 15.04 
-5894.0 -33244.0 15.2 
-5893.0 -33244.0 18.72 
-5892.0 -33244.0 25.67 
-5891.0 -33244.0 27.33 
-5890.0 -33244.0 25.77 
-5889.0 -33244.0 23.76 
-5888.0 -33244.0 23.57 
-5887.0 -33244.0 20.7 
-5886.0 -33244.0 28.56 
-5885.0 -33244.0 23.06 
-5884.0 -33244.0 18.42 
-5883.0 -33244.0 17.52 
-5882.0 -33244.0 14.37 
-5881.0 -33244.0 12.47 
-5880.0 -33244.0 12.41 
-5879.0 -33244.0 12.19 
-5878.0 -33244.0 15.14 
-5877.0 -33244.0 26.21 
-5876.0 -33244.0 35.37 
-5875.0 -33244.0 35.29 
-5874.0 -33244.0 36.3 
-5873.0 -33244.0 36.09 
-5872.0 -33244.0 36.11 
-5871.0 -33244.0 35.2 
-5870.0 -33244.0 33.11 
-5869.0 -33244.0 31.44 
-5918.0 -33243.0 24.94 
-5917.0 -33243.0 25.16 
-5916.0 -33243.0 25.18 
-5915.0 -33243.0 17.01 
-5914.0 -33243.0 15.7 
-5913.0 -33243.0 16.34 
-5912.0 -33243.0 18.06 
-5911.0 -33243.0 22.86 
-5910.0 -33243.0 24.25 
-5909.0 -33243.0 24.55 
-5908.0 -33243.0 24.15 
-5907.0 -33243.0 22.95 
-5906.0 -33243.0 20.15 
-5905.0 -33243.0 16.95 
-5904.0 -33243.0 17.25 
-5903.0 -33243.0 17.45 
-5902.0 -33243.0 15.85 
-5901.0 -33243.0 19.75 
-5900.0 -33243.0 17.75 
-5899.0 -33243.0 14.86 
-5898.0 -33243.0 14.97 
-5897.0 -33243.0 15.18 
-5896.0 -33243.0 15.09 
-5895.0 -33243.0 14.97 
-5894.0 -33243.0 14.87 
-5893.0 -33243.0 16.48 
-5892.0 -33243.0 23.28 
-5891.0 -33243.0 23.24 
-5890.0 -33243.0 22.57 
-5889.0 -33243.0 23.62 
-5888.0 -33243.0 27.09 
-5887.0 -33243.0 28.13 
-5886.0 -33243.0 29.02 
-5885.0 -33243.0 26.51 
-5884.0 -33243.0 19.51 
-5883.0 -33243.0 21.19 
-5882.0 -33243.0 15.63 
-5881.0 -33243.0 12.71 
-5880.0 -33243.0 12.74 
-5879.0 -33243.0 12.57 
-5878.0 -33243.0 13.06 
-5877.0 -33243.0 20.51 
-5876.0 -33243.0 30.38 
-5875.0 -33243.0 32.64 
-5874.0 -33243.0 36.0 
-5873.0 -33243.0 35.59 
-5872.0 -33243.0 34.39 
-5871.0 -33243.0 32.19 
-5870.0 -33243.0 31.44 
-5869.0 -33243.0 31.24 
-5918.0 -33242.0 25.39 
-5917.0 -33242.0 25.38 
-5916.0 -33242.0 24.87 
-5915.0 -33242.0 23.16 
-5914.0 -33242.0 18.21 
-5913.0 -33242.0 15.82 
-5912.0 -33242.0 15.81 
-5911.0 -33242.0 21.19 
-5910.0 -33242.0 24.42 
-5909.0 -33242.0 22.35 
-5908.0 -33242.0 19.95 
-5907.0 -33242.0 17.05 
-5906.0 -33242.0 15.65 
-5905.0 -33242.0 17.35 
-5904.0 -33242.0 19.55 
-5903.0 -33242.0 23.65 
-5902.0 -33242.0 27.45 
-5901.0 -33242.0 26.75 
-5900.0 -33242.0 21.65 
-5899.0 -33242.0 15.44 
-5898.0 -33242.0 15.58 
-5897.0 -33242.0 15.07 
-5896.0 -33242.0 15.0 
-5895.0 -33242.0 14.94 
-5894.0 -33242.0 14.51 
-5893.0 -33242.0 13.94 
-5892.0 -33242.0 17.71 
-5891.0 -33242.0 24.59 
-5890.0 -33242.0 25.6 
-5889.0 -33242.0 27.08 
-5888.0 -33242.0 28.62 
-5887.0 -33242.0 28.84 
-5886.0 -33242.0 28.49 
-5885.0 -33242.0 28.23 
-5884.0 -33242.0 28.1 
-5883.0 -33242.0 23.73 
-5882.0 -33242.0 16.48 
-5881.0 -33242.0 13.07 
-5880.0 -33242.0 12.81 
-5879.0 -33242.0 12.47 
-5878.0 -33242.0 12.96 
-5877.0 -33242.0 16.74 
-5876.0 -33242.0 21.7 
-5875.0 -33242.0 29.64 
-5874.0 -33242.0 37.03 
-5873.0 -33242.0 34.2 
-5872.0 -33242.0 30.66 
-5871.0 -33242.0 30.34 
-5870.0 -33242.0 31.4 
-5869.0 -33242.0 31.22 
-5918.0 -33241.0 25.33 
-5917.0 -33241.0 25.02 
-5916.0 -33241.0 24.61 
-5915.0 -33241.0 24.71 
-5914.0 -33241.0 21.11 
-5913.0 -33241.0 16.24 
-5912.0 -33241.0 15.42 
-5911.0 -33241.0 18.78 
-5910.0 -33241.0 21.91 
-5909.0 -33241.0 16.75 
-5908.0 -33241.0 16.45 
-5907.0 -33241.0 19.35 
-5906.0 -33241.0 25.55 
-5905.0 -33241.0 25.35 
-5904.0 -33241.0 30.85 
-5903.0 -33241.0 28.35 
-5902.0 -33241.0 27.95 
-5901.0 -33241.0 27.45 
-5900.0 -33241.0 24.75 
-5899.0 -33241.0 21.85 
-5898.0 -33241.0 18.12 
-5897.0 -33241.0 15.26 
-5896.0 -33241.0 14.86 
-5895.0 -33241.0 14.84 
-5894.0 -33241.0 14.5 
-5893.0 -33241.0 14.08 
-5892.0 -33241.0 18.6 
-5891.0 -33241.0 25.84 
-5890.0 -33241.0 26.39 
-5889.0 -33241.0 27.14 
-5888.0 -33241.0 28.78 
-5887.0 -33241.0 29.0 
-5886.0 -33241.0 28.9 
-5885.0 -33241.0 28.66 
-5884.0 -33241.0 27.98 
-5883.0 -33241.0 26.2 
-5882.0 -33241.0 18.53 
-5881.0 -33241.0 15.79 
-5880.0 -33241.0 13.03 
-5879.0 -33241.0 12.62 
-5878.0 -33241.0 13.0 
-5877.0 -33241.0 14.46 
-5876.0 -33241.0 16.89 
-5875.0 -33241.0 20.74 
-5874.0 -33241.0 31.6 
-5873.0 -33241.0 32.04 
-5872.0 -33241.0 29.79 
-5871.0 -33241.0 30.93 
-5870.0 -33241.0 32.29 
-5869.0 -33241.0 31.36 
-5918.0 -33240.0 24.84 
-5917.0 -33240.0 24.88 
-5916.0 -33240.0 23.79 
-5915.0 -33240.0 23.29 
-5914.0 -33240.0 18.39 
-5913.0 -33240.0 15.33 
-5912.0 -33240.0 15.66 
-5911.0 -33240.0 16.47 
-5910.0 -33240.0 16.02 
-5909.0 -33240.0 15.05 
-5908.0 -33240.0 15.35 
-5907.0 -33240.0 19.15 
-5906.0 -33240.0 27.25 
-5905.0 -33240.0 30.25 
-5904.0 -33240.0 29.45 
-5903.0 -33240.0 28.35 
-5902.0 -33240.0 27.95 
-5901.0 -33240.0 27.35 
-5900.0 -33240.0 25.65 
-5899.0 -33240.0 16.65 
-5898.0 -33240.0 17.9 
-5897.0 -33240.0 14.83 
-5896.0 -33240.0 14.76 
-5895.0 -33240.0 14.83 
-5894.0 -33240.0 14.63 
-5893.0 -33240.0 14.5 
-5892.0 -33240.0 15.42 
-5891.0 -33240.0 18.31 
-5890.0 -33240.0 24.4 
-5889.0 -33240.0 26.94 
-5888.0 -33240.0 28.36 
-5887.0 -33240.0 29.68 
-5886.0 -33240.0 30.21 
-5885.0 -33240.0 29.81 
-5884.0 -33240.0 29.24 
-5883.0 -33240.0 26.17 
-5882.0 -33240.0 23.79 
-5881.0 -33240.0 16.19 
-5880.0 -33240.0 14.11 
-5879.0 -33240.0 12.17 
-5878.0 -33240.0 12.63 
-5877.0 -33240.0 13.36 
-5876.0 -33240.0 13.84 
-5875.0 -33240.0 13.78 
-5874.0 -33240.0 19.19 
-5873.0 -33240.0 25.79 
-5872.0 -33240.0 29.72 
-5871.0 -33240.0 30.96 
-5870.0 -33240.0 31.38 
-5869.0 -33240.0 32.28 
-5918.0 -33239.0 23.04 
-5917.0 -33239.0 20.4 
-5916.0 -33239.0 18.02 
-5915.0 -33239.0 17.43 
-5914.0 -33239.0 15.94 
-5913.0 -33239.0 15.6 
-5912.0 -33239.0 16.03 
-5911.0 -33239.0 16.27 
-5910.0 -33239.0 16.6 
-5909.0 -33239.0 16.95 
-5908.0 -33239.0 16.15 
-5907.0 -33239.0 21.35 
-5906.0 -33239.0 26.25 
-5905.0 -33239.0 27.65 
-5904.0 -33239.0 28.75 
-5903.0 -33239.0 28.25 
-5902.0 -33239.0 28.15 
-5901.0 -33239.0 27.65 
-5900.0 -33239.0 26.15 
-5899.0 -33239.0 24.45 
-5898.0 -33239.0 19.2 
-5897.0 -33239.0 15.0 
-5896.0 -33239.0 14.4 
-5895.0 -33239.0 14.68 
-5894.0 -33239.0 14.57 
-5893.0 -33239.0 14.5 
-5892.0 -33239.0 14.2 
-5891.0 -33239.0 14.89 
-5890.0 -33239.0 22.07 
-5889.0 -33239.0 26.67 
-5888.0 -33239.0 26.89 
-5887.0 -33239.0 29.12 
-5886.0 -33239.0 30.49 
-5885.0 -33239.0 30.22 
-5884.0 -33239.0 30.11 
-5883.0 -33239.0 28.47 
-5882.0 -33239.0 26.51 
-5881.0 -33239.0 25.09 
-5880.0 -33239.0 16.57 
-5879.0 -33239.0 12.22 
-5878.0 -33239.0 12.11 
-5877.0 -33239.0 12.63 
-5876.0 -33239.0 13.44 
-5875.0 -33239.0 13.68 
-5874.0 -33239.0 13.36 
-5873.0 -33239.0 17.51 
-5872.0 -33239.0 22.13 
-5871.0 -33239.0 28.98 
-5870.0 -33239.0 21.99 
-5869.0 -33239.0 28.89 
-5918.0 -33238.0 19.47 
-5917.0 -33238.0 16.89 
-5916.0 -33238.0 15.66 
-5915.0 -33238.0 16.68 
-5914.0 -33238.0 17.69 
-5913.0 -33238.0 18.1 
-5912.0 -33238.0 18.91 
-5911.0 -33238.0 18.42 
-5910.0 -33238.0 19.28 
-5909.0 -33238.0 19.58 
-5908.0 -33238.0 20.35 
-5907.0 -33238.0 21.55 
-5906.0 -33238.0 22.25 
-5905.0 -33238.0 26.85 
-5904.0 -33238.0 28.15 
-5903.0 -33238.0 28.05 
-5902.0 -33238.0 27.75 
-5901.0 -33238.0 27.45 
-5900.0 -33238.0 26.75 
-5899.0 -33238.0 25.25 
-5898.0 -33238.0 20.77 
-5897.0 -33238.0 14.24 
-5896.0 -33238.0 13.94 
-5895.0 -33238.0 14.64 
-5894.0 -33238.0 14.59 
-5893.0 -33238.0 14.51 
-5892.0 -33238.0 14.32 
-5891.0 -33238.0 14.59 
-5890.0 -33238.0 19.66 
-5889.0 -33238.0 25.11 
-5888.0 -33238.0 27.54 
-5887.0 -33238.0 28.54 
-5886.0 -33238.0 29.52 
-5885.0 -33238.0 30.34 
-5884.0 -33238.0 30.3 
-5883.0 -33238.0 29.29 
-5882.0 -33238.0 27.48 
-5881.0 -33238.0 26.57 
-5880.0 -33238.0 22.26 
-5879.0 -33238.0 13.74 
-5878.0 -33238.0 11.9 
-5877.0 -33238.0 12.73 
-5876.0 -33238.0 13.13 
-5875.0 -33238.0 13.52 
-5874.0 -33238.0 13.49 
-5873.0 -33238.0 14.21 
-5872.0 -33238.0 14.46 
-5871.0 -33238.0 21.2 
-5870.0 -33238.0 15.44 
-5869.0 -33238.0 23.78 
-5918.0 -33237.0 17.04 
-5917.0 -33237.0 16.27 
-5916.0 -33237.0 16.83 
-5915.0 -33237.0 19.39 
-5914.0 -33237.0 20.8 
-5913.0 -33237.0 20.74 
-5912.0 -33237.0 21.64 
-5911.0 -33237.0 20.74 
-5910.0 -33237.0 21.51 
-5909.0 -33237.0 21.67 
-5908.0 -33237.0 21.75 
-5907.0 -33237.0 22.25 
-5906.0 -33237.0 23.15 
-5905.0 -33237.0 26.15 
-5904.0 -33237.0 27.65 
-5903.0 -33237.0 27.45 
-5902.0 -33237.0 26.15 
-5901.0 -33237.0 25.95 
-5900.0 -33237.0 25.95 
-5899.0 -33237.0 24.85 
-5898.0 -33237.0 24.24 
-5897.0 -33237.0 17.41 
-5896.0 -33237.0 15.41 
-5895.0 -33237.0 14.5 
-5894.0 -33237.0 14.44 
-5893.0 -33237.0 14.38 
-5892.0 -33237.0 14.22 
-5891.0 -33237.0 13.93 
-5890.0 -33237.0 14.3 
-5889.0 -33237.0 24.54 
-5888.0 -33237.0 25.99 
-5887.0 -33237.0 27.3 
-5886.0 -33237.0 29.14 
-5885.0 -33237.0 30.0 
-5884.0 -33237.0 30.51 
-5883.0 -33237.0 28.68 
-5882.0 -33237.0 26.43 
-5881.0 -33237.0 25.59 
-5880.0 -33237.0 21.93 
-5879.0 -33237.0 15.79 
-5878.0 -33237.0 12.73 
-5877.0 -33237.0 13.06 
-5876.0 -33237.0 12.8 
-5875.0 -33237.0 12.94 
-5874.0 -33237.0 12.87 
-5873.0 -33237.0 12.81 
-5872.0 -33237.0 13.01 
-5871.0 -33237.0 13.79 
-5870.0 -33237.0 13.9 
-5869.0 -33237.0 16.48 
-5918.0 -33236.0 16.73 
-5917.0 -33236.0 18.91 
-5916.0 -33236.0 20.28 
-5915.0 -33236.0 21.52 
-5914.0 -33236.0 22.07 
-5913.0 -33236.0 21.7 
-5912.0 -33236.0 22.42 
-5911.0 -33236.0 22.07 
-5910.0 -33236.0 21.98 
-5909.0 -33236.0 22.24 
-5908.0 -33236.0 22.25 
-5907.0 -33236.0 22.55 
-5906.0 -33236.0 22.45 
-5905.0 -33236.0 24.15 
-5904.0 -33236.0 26.85 
-5903.0 -33236.0 26.35 
-5902.0 -33236.0 25.55 
-5901.0 -33236.0 24.75 
-5900.0 -33236.0 26.25 
-5899.0 -33236.0 25.75 
-5898.0 -33236.0 23.83 
-5897.0 -33236.0 21.6 
-5896.0 -33236.0 16.52 
-5895.0 -33236.0 14.53 
-5894.0 -33236.0 14.33 
-5893.0 -33236.0 14.27 
-5892.0 -33236.0 14.23 
-5891.0 -33236.0 13.9 
-5890.0 -33236.0 15.6 
-5889.0 -33236.0 22.8 
-5888.0 -33236.0 25.04 
-5887.0 -33236.0 26.56 
-5886.0 -33236.0 27.68 
-5885.0 -33236.0 29.06 
-5884.0 -33236.0 28.67 
-5883.0 -33236.0 25.66 
-5882.0 -33236.0 26.23 
-5881.0 -33236.0 26.84 
-5880.0 -33236.0 26.33 
-5879.0 -33236.0 24.64 
-5878.0 -33236.0 17.51 
-5877.0 -33236.0 13.74 
-5876.0 -33236.0 12.82 
-5875.0 -33236.0 12.84 
-5874.0 -33236.0 12.99 
-5873.0 -33236.0 12.94 
-5872.0 -33236.0 12.81 
-5871.0 -33236.0 12.91 
-5870.0 -33236.0 13.04 
-5869.0 -33236.0 13.46 
-5918.0 -33235.0 18.44 
-5917.0 -33235.0 21.19 
-5916.0 -33235.0 22.1 
-5915.0 -33235.0 22.2 
-5914.0 -33235.0 22.28 
-5913.0 -33235.0 21.99 
-5912.0 -33235.0 22.24 
-5911.0 -33235.0 22.27 
-5910.0 -33235.0 22.36 
-5909.0 -33235.0 22.52 
-5908.0 -33235.0 22.35 
-5907.0 -33235.0 22.35 
-5906.0 -33235.0 22.35 
-5905.0 -33235.0 23.15 
-5904.0 -33235.0 25.25 
-5903.0 -33235.0 25.75 
-5902.0 -33235.0 25.65 
-5901.0 -33235.0 25.55 
-5900.0 -33235.0 25.95 
-5899.0 -33235.0 25.95 
-5898.0 -33235.0 25.22 
-5897.0 -33235.0 23.01 
-5896.0 -33235.0 18.06 
-5895.0 -33235.0 14.22 
-5894.0 -33235.0 14.01 
-5893.0 -33235.0 14.14 
-5892.0 -33235.0 14.09 
-5891.0 -33235.0 13.84 
-5890.0 -33235.0 14.39 
-5889.0 -33235.0 21.02 
-5888.0 -33235.0 24.5 
-5887.0 -33235.0 26.11 
-5886.0 -33235.0 26.34 
-5885.0 -33235.0 27.91 
-5884.0 -33235.0 26.61 
-5883.0 -33235.0 23.71 
-5882.0 -33235.0 26.7 
-5881.0 -33235.0 26.88 
-5880.0 -33235.0 25.94 
-5879.0 -33235.0 26.34 
-5878.0 -33235.0 24.74 
-5877.0 -33235.0 19.04 
-5876.0 -33235.0 12.97 
-5875.0 -33235.0 12.64 
-5874.0 -33235.0 12.98 
-5873.0 -33235.0 12.94 
-5872.0 -33235.0 13.02 
-5871.0 -33235.0 13.04 
-5870.0 -33235.0 13.22 
-5869.0 -33235.0 12.94 
-5918.0 -33234.0 21.94 
-5917.0 -33234.0 22.36 
-5916.0 -33234.0 22.44 
-5915.0 -33234.0 22.5 
-5914.0 -33234.0 22.49 
-5913.0 -33234.0 22.14 
-5912.0 -33234.0 22.21 
-5911.0 -33234.0 22.69 
-5910.0 -33234.0 22.52 
-5909.0 -33234.0 22.1 
-5908.0 -33234.0 21.85 
-5907.0 -33234.0 22.35 
-5906.0 -33234.0 27.55 
-5905.0 -33234.0 25.15 
-5904.0 -33234.0 25.75 
-5903.0 -33234.0 25.75 
-5902.0 -33234.0 25.85 
-5901.0 -33234.0 25.85 
-5900.0 -33234.0 25.85 
-5899.0 -33234.0 25.85 
-5898.0 -33234.0 25.65 
-5897.0 -33234.0 25.32 
-5896.0 -33234.0 22.24 
-5895.0 -33234.0 16.44 
-5894.0 -33234.0 14.2 
-5893.0 -33234.0 14.1 
-5892.0 -33234.0 14.08 
-5891.0 -33234.0 13.84 
-5890.0 -33234.0 14.03 
-5889.0 -33234.0 17.34 
-5888.0 -33234.0 21.19 
-5887.0 -33234.0 24.19 
-5886.0 -33234.0 22.61 
-5885.0 -33234.0 25.6 
-5884.0 -33234.0 26.96 
-5883.0 -33234.0 27.2 
-5882.0 -33234.0 26.84 
-5881.0 -33234.0 26.9 
-5880.0 -33234.0 26.42 
-5879.0 -33234.0 25.94 
-5878.0 -33234.0 25.54 
-5877.0 -33234.0 18.98 
-5876.0 -33234.0 13.46 
-5875.0 -33234.0 13.02 
-5874.0 -33234.0 13.21 
-5873.0 -33234.0 13.06 
-5872.0 -33234.0 13.06 
-5871.0 -33234.0 13.09 
-5870.0 -33234.0 13.04 
-5869.0 -33234.0 13.01 
-5918.0 -33233.0 22.46 
-5917.0 -33233.0 22.62 
-5916.0 -33233.0 22.56 
-5915.0 -33233.0 22.49 
-5914.0 -33233.0 22.24 
-5913.0 -33233.0 22.0 
-5912.0 -33233.0 21.77 
-5911.0 -33233.0 21.76 
-5910.0 -33233.0 22.74 
-5909.0 -33233.0 23.23 
-5908.0 -33233.0 23.05 
-5907.0 -33233.0 26.65 
-5906.0 -33233.0 32.25 
-5905.0 -33233.0 31.05 
-5904.0 -33233.0 27.25 
-5903.0 -33233.0 25.85 
-5902.0 -33233.0 25.85 
-5901.0 -33233.0 25.85 
-5900.0 -33233.0 25.85 
-5899.0 -33233.0 25.55 
-5898.0 -33233.0 25.65 
-5897.0 -33233.0 24.86 
-5896.0 -33233.0 23.14 
-5895.0 -33233.0 15.54 
-5894.0 -33233.0 13.87 
-5893.0 -33233.0 14.0 
-5892.0 -33233.0 14.01 
-5891.0 -33233.0 13.93 
-5890.0 -33233.0 13.91 
-5889.0 -33233.0 13.86 
-5888.0 -33233.0 15.51 
-5887.0 -33233.0 18.63 
-5886.0 -33233.0 17.88 
-5885.0 -33233.0 26.08 
-5884.0 -33233.0 26.64 
-5883.0 -33233.0 27.0 
-5882.0 -33233.0 26.83 
-5881.0 -33233.0 26.71 
-5880.0 -33233.0 26.68 
-5879.0 -33233.0 25.89 
-5878.0 -33233.0 24.4 
-5877.0 -33233.0 22.01 
-5876.0 -33233.0 17.39 
-5875.0 -33233.0 15.54 
-5874.0 -33233.0 13.53 
-5873.0 -33233.0 12.94 
-5872.0 -33233.0 13.06 
-5871.0 -33233.0 13.11 
-5870.0 -33233.0 13.08 
-5869.0 -33233.0 13.01 
-5918.0 -33232.0 22.59 
-5917.0 -33232.0 22.5 
-5916.0 -33232.0 22.58 
-5915.0 -33232.0 22.46 
-5914.0 -33232.0 22.2 
-5913.0 -33232.0 21.89 
-5912.0 -33232.0 22.01 
-5911.0 -33232.0 21.83 
-5910.0 -33232.0 26.83 
-5909.0 -33232.0 26.04 
-5908.0 -33232.0 32.76 
-5907.0 -33232.0 33.85 
-5906.0 -33232.0 33.15 
-5905.0 -33232.0 31.35 
-5904.0 -33232.0 26.85 
-5903.0 -33232.0 26.25 
-5902.0 -33232.0 25.75 
-5901.0 -33232.0 25.65 
-5900.0 -33232.0 25.85 
-5899.0 -33232.0 25.05 
-5898.0 -33232.0 25.55 
-5897.0 -33232.0 24.82 
-5896.0 -33232.0 21.24 
-5895.0 -33232.0 15.08 
-5894.0 -33232.0 13.89 
-5893.0 -33232.0 13.86 
-5892.0 -33232.0 13.94 
-5891.0 -33232.0 13.83 
-5890.0 -33232.0 13.81 
-5889.0 -33232.0 13.59 
-5888.0 -33232.0 14.78 
-5887.0 -33232.0 19.68 
-5886.0 -33232.0 22.04 
-5885.0 -33232.0 23.92 
-5884.0 -33232.0 25.98 
-5883.0 -33232.0 26.86 
-5882.0 -33232.0 26.72 
-5881.0 -33232.0 26.64 
-5880.0 -33232.0 26.64 
-5879.0 -33232.0 25.57 
-5878.0 -33232.0 23.5 
-5877.0 -33232.0 23.19 
-5876.0 -33232.0 19.66 
-5875.0 -33232.0 18.14 
-5874.0 -33232.0 13.88 
-5873.0 -33232.0 12.98 
-5872.0 -33232.0 13.04 
-5871.0 -33232.0 13.06 
-5870.0 -33232.0 13.11 
-5869.0 -33232.0 13.58 
-5918.0 -33231.0 22.52 
-5917.0 -33231.0 22.36 
-5916.0 -33231.0 22.32 
-5915.0 -33231.0 22.24 
-5914.0 -33231.0 22.84 
-5913.0 -33231.0 23.71 
-5912.0 -33231.0 24.48 
-5911.0 -33231.0 30.54 
-5910.0 -33231.0 31.44 
-5909.0 -33231.0 32.16 
-5908.0 -33231.0 33.56 
-5907.0 -33231.0 33.25 
-5906.0 -33231.0 32.35 
-5905.0 -33231.0 31.35 
-5904.0 -33231.0 30.35 
-5903.0 -33231.0 26.75 
-5902.0 -33231.0 25.65 
-5901.0 -33231.0 24.95 
-5900.0 -33231.0 26.15 
-5899.0 -33231.0 25.65 
-5898.0 -33231.0 25.55 
-5897.0 -33231.0 25.94 
-5896.0 -33231.0 22.59 
-5895.0 -33231.0 13.86 
-5894.0 -33231.0 13.53 
-5893.0 -33231.0 13.8 
-5892.0 -33231.0 13.84 
-5891.0 -33231.0 13.8 
-5890.0 -33231.0 13.74 
-5889.0 -33231.0 13.42 
-5888.0 -33231.0 13.49 
-5887.0 -33231.0 20.94 
-5886.0 -33231.0 24.03 
-5885.0 -33231.0 23.54 
-5884.0 -33231.0 25.84 
-5883.0 -33231.0 26.77 
-5882.0 -33231.0 26.73 
-5881.0 -33231.0 26.56 
-5880.0 -33231.0 26.12 
-5879.0 -33231.0 24.21 
-5878.0 -33231.0 23.67 
-5877.0 -33231.0 23.64 
-5876.0 -33231.0 20.6 
-5875.0 -33231.0 17.24 
-5874.0 -33231.0 13.21 
-5873.0 -33231.0 13.03 
-5872.0 -33231.0 13.06 
-5871.0 -33231.0 12.97 
-5870.0 -33231.0 13.84 
-5869.0 -33231.0 15.54 
-5918.0 -33230.0 22.3 
-5917.0 -33230.0 22.74 
-5916.0 -33230.0 21.92 
-5915.0 -33230.0 19.16 
-5914.0 -33230.0 17.38 
-5913.0 -33230.0 32.49 
-5912.0 -33230.0 30.64 
-5911.0 -33230.0 34.39 
-5910.0 -33230.0 33.74 
-5909.0 -33230.0 33.14 
-5908.0 -33230.0 32.61 
-5907.0 -33230.0 32.15 
-5906.0 -33230.0 30.95 
-5905.0 -33230.0 31.05 
-5904.0 -33230.0 28.95 
-5903.0 -33230.0 25.75 
-5902.0 -33230.0 25.75 
-5901.0 -33230.0 26.25 
-5900.0 -33230.0 26.25 
-5899.0 -33230.0 26.55 
-5898.0 -33230.0 25.75 
-5897.0 -33230.0 25.04 
-5896.0 -33230.0 22.54 
-5895.0 -33230.0 17.18 
-5894.0 -33230.0 14.86 
-5893.0 -33230.0 14.01 
-5892.0 -33230.0 13.78 
-5891.0 -33230.0 13.72 
-5890.0 -33230.0 13.67 
-5889.0 -33230.0 13.57 
-5888.0 -33230.0 14.18 
-5887.0 -33230.0 17.01 
-5886.0 -33230.0 19.77 
-5885.0 -33230.0 23.83 
-5884.0 -33230.0 23.93 
-5883.0 -33230.0 25.62 
-5882.0 -33230.0 26.78 
-5881.0 -33230.0 26.11 
-5880.0 -33230.0 24.74 
-5879.0 -33230.0 23.57 
-5878.0 -33230.0 22.39 
-5877.0 -33230.0 22.03 
-5876.0 -33230.0 14.48 
-5875.0 -33230.0 13.03 
-5874.0 -33230.0 13.18 
-5873.0 -33230.0 13.09 
-5872.0 -33230.0 13.04 
-5871.0 -33230.0 13.62 
-5870.0 -33230.0 14.83 
-5869.0 -33230.0 17.87 
-5918.0 -33229.0 22.18 
-5917.0 -33229.0 22.47 
-5916.0 -33229.0 18.86 
-5915.0 -33229.0 14.86 
-5914.0 -33229.0 19.9 
-5913.0 -33229.0 29.51 
-5912.0 -33229.0 33.63 
-5911.0 -33229.0 33.61 
-5910.0 -33229.0 32.56 
-5909.0 -33229.0 32.4 
-5908.0 -33229.0 31.04 
-5907.0 -33229.0 31.05 
-5906.0 -33229.0 27.35 
-5905.0 -33229.0 29.05 
-5904.0 -33229.0 26.95 
-5903.0 -33229.0 24.85 
-5902.0 -33229.0 25.55 
-5901.0 -33229.0 26.35 
-5900.0 -33229.0 28.35 
-5899.0 -33229.0 26.55 
-5898.0 -33229.0 25.55 
-5897.0 -33229.0 25.1 
-5896.0 -33229.0 23.63 
-5895.0 -33229.0 22.59 
-5894.0 -33229.0 17.04 
-5893.0 -33229.0 14.08 
-5892.0 -33229.0 13.61 
-5891.0 -33229.0 13.64 
-5890.0 -33229.0 13.59 
-5889.0 -33229.0 13.42 
-5888.0 -33229.0 13.33 
-5887.0 -33229.0 13.64 
-5886.0 -33229.0 19.1 
-5885.0 -33229.0 23.74 
-5884.0 -33229.0 23.97 
-5883.0 -33229.0 25.41 
-5882.0 -33229.0 25.37 
-5881.0 -33229.0 24.17 
-5880.0 -33229.0 23.74 
-5879.0 -33229.0 22.64 
-5878.0 -33229.0 16.24 
-5877.0 -33229.0 14.1 
-5876.0 -33229.0 12.28 
-5875.0 -33229.0 12.33 
-5874.0 -33229.0 13.04 
-5873.0 -33229.0 13.1 
-5872.0 -33229.0 13.01 
-5871.0 -33229.0 14.12 
-5870.0 -33229.0 15.64 
-5869.0 -33229.0 19.88 
-5918.0 -33228.0 18.5 
-5917.0 -33228.0 16.44 
-5916.0 -33228.0 13.76 
-5915.0 -33228.0 12.94 
-5914.0 -33228.0 12.41 
-5913.0 -33228.0 17.94 
-5912.0 -33228.0 32.66 
-5911.0 -33228.0 34.89 
-5910.0 -33228.0 32.24 
-5909.0 -33228.0 30.78 
-5908.0 -33228.0 26.73 
-5907.0 -33228.0 27.05 
-5906.0 -33228.0 25.25 
-5905.0 -33228.0 25.25 
-5904.0 -33228.0 25.35 
-5903.0 -33228.0 25.45 
-5902.0 -33228.0 25.45 
-5901.0 -33228.0 25.95 
-5900.0 -33228.0 26.55 
-5899.0 -33228.0 25.75 
-5898.0 -33228.0 26.35 
-5897.0 -33228.0 25.08 
-5896.0 -33228.0 23.24 
-5895.0 -33228.0 22.51 
-5894.0 -33228.0 18.54 
-5893.0 -33228.0 14.48 
-5892.0 -33228.0 13.62 
-5891.0 -33228.0 13.54 
-5890.0 -33228.0 13.59 
-5889.0 -33228.0 13.48 
-5888.0 -33228.0 13.33 
-5887.0 -33228.0 12.98 
-5886.0 -33228.0 14.33 
-5885.0 -33228.0 23.22 
-5884.0 -33228.0 23.59 
-5883.0 -33228.0 23.5 
-5882.0 -33228.0 23.74 
-5881.0 -33228.0 23.24 
-5880.0 -33228.0 22.4 
-5879.0 -33228.0 19.77 
-5878.0 -33228.0 13.67 
-5877.0 -33228.0 12.79 
-5876.0 -33228.0 13.02 
-5875.0 -33228.0 13.08 
-5874.0 -33228.0 13.12 
-5873.0 -33228.0 13.07 
-5872.0 -33228.0 12.88 
-5871.0 -33228.0 13.48 
-5870.0 -33228.0 15.38 
-5869.0 -33228.0 20.66 
-5918.0 -33227.0 13.46 
-5917.0 -33227.0 13.62 
-5916.0 -33227.0 13.92 
-5915.0 -33227.0 13.68 
-5914.0 -33227.0 13.51 
-5913.0 -33227.0 15.01 
-5912.0 -33227.0 24.34 
-5911.0 -33227.0 34.29 
-5910.0 -33227.0 31.41 
-5909.0 -33227.0 29.24 
-5908.0 -33227.0 27.48 
-5907.0 -33227.0 27.45 
-5906.0 -33227.0 27.05 
-5905.0 -33227.0 25.75 
-5904.0 -33227.0 25.55 
-5903.0 -33227.0 25.55 
-5902.0 -33227.0 25.45 
-5901.0 -33227.0 25.45 
-5900.0 -33227.0 25.85 
-5899.0 -33227.0 25.45 
-5898.0 -33227.0 25.55 
-5897.0 -33227.0 24.62 
-5896.0 -33227.0 23.71 
-5895.0 -33227.0 23.11 
-5894.0 -33227.0 19.44 
-5893.0 -33227.0 16.93 
-5892.0 -33227.0 13.63 
-5891.0 -33227.0 13.47 
-5890.0 -33227.0 13.43 
-5889.0 -33227.0 13.41 
-5888.0 -33227.0 13.41 
-5887.0 -33227.0 12.93 
-5886.0 -33227.0 13.9 
-5885.0 -33227.0 21.33 
-5884.0 -33227.0 23.62 
-5883.0 -33227.0 23.88 
-5882.0 -33227.0 22.39 
-5881.0 -33227.0 21.76 
-5880.0 -33227.0 17.71 
-5879.0 -33227.0 14.87 
-5878.0 -33227.0 13.74 
-5877.0 -33227.0 13.19 
-5876.0 -33227.0 13.09 
-5875.0 -33227.0 13.02 
-5874.0 -33227.0 13.03 
-5873.0 -33227.0 12.99 
-5872.0 -33227.0 14.16 
-5871.0 -33227.0 16.14 
-5870.0 -33227.0 21.33 
-5869.0 -33227.0 23.37 
-5918.0 -33226.0 13.83 
-5917.0 -33226.0 14.03 
-5916.0 -33226.0 13.96 
-5915.0 -33226.0 13.78 
-5914.0 -33226.0 13.69 
-5913.0 -33226.0 13.99 
-5912.0 -33226.0 19.5 
-5911.0 -33226.0 28.34 
-5910.0 -33226.0 27.37 
-5909.0 -33226.0 27.84 
-5908.0 -33226.0 27.54 
-5907.0 -33226.0 27.65 
-5906.0 -33226.0 27.35 
-5905.0 -33226.0 25.95 
-5904.0 -33226.0 25.65 
-5903.0 -33226.0 25.35 
-5902.0 -33226.0 25.75 
-5901.0 -33226.0 25.35 
-5900.0 -33226.0 24.55 
-5899.0 -33226.0 24.15 
-5898.0 -33226.0 24.85 
-5897.0 -33226.0 23.62 
-5896.0 -33226.0 22.81 
-5895.0 -33226.0 19.18 
-5894.0 -33226.0 16.03 
-5893.0 -33226.0 15.24 
-5892.0 -33226.0 13.44 
-5891.0 -33226.0 13.3 
-5890.0 -33226.0 13.42 
-5889.0 -33226.0 13.32 
-5888.0 -33226.0 13.29 
-5887.0 -33226.0 13.1 
-5886.0 -33226.0 13.53 
-5885.0 -33226.0 18.43 
-5884.0 -33226.0 20.69 
-5883.0 -33226.0 23.24 
-5882.0 -33226.0 18.96 
-5881.0 -33226.0 16.17 
-5880.0 -33226.0 13.43 
-5879.0 -33226.0 13.2 
-5878.0 -33226.0 13.16 
-5877.0 -33226.0 13.16 
-5876.0 -33226.0 13.08 
-5875.0 -33226.0 12.94 
-5874.0 -33226.0 13.03 
-5873.0 -33226.0 14.24 
-5872.0 -33226.0 17.28 
-5871.0 -33226.0 19.27 
-5870.0 -33226.0 20.5 
-5869.0 -33226.0 20.71 
-5918.0 -33225.0 13.98 
-5917.0 -33225.0 14.01 
-5916.0 -33225.0 13.93 
-5915.0 -33225.0 13.86 
-5914.0 -33225.0 13.74 
-5913.0 -33225.0 13.98 
-5912.0 -33225.0 15.73 
-5911.0 -33225.0 19.76 
-5910.0 -33225.0 27.37 
-5909.0 -33225.0 27.92 
-5908.0 -33225.0 27.52 
-5907.0 -33225.0 26.15 
-5906.0 -33225.0 25.05 
-5905.0 -33225.0 24.75 
-5904.0 -33225.0 24.55 
-5903.0 -33225.0 25.15 
-5902.0 -33225.0 24.95 
-5901.0 -33225.0 24.75 
-5900.0 -33225.0 23.95 
-5899.0 -33225.0 23.55 
-5898.0 -33225.0 22.65 
-5897.0 -33225.0 20.08 
-5896.0 -33225.0 17.57 
-5895.0 -33225.0 15.36 
-5894.0 -33225.0 13.32 
-5893.0 -33225.0 13.14 
-5892.0 -33225.0 13.2 
-5891.0 -33225.0 13.31 
-5890.0 -33225.0 13.3 
-5889.0 -33225.0 13.27 
-5888.0 -33225.0 13.26 
-5887.0 -33225.0 13.24 
-5886.0 -33225.0 13.22 
-5885.0 -33225.0 14.2 
-5884.0 -33225.0 14.58 
-5883.0 -33225.0 20.0 
-5882.0 -33225.0 14.71 
-5881.0 -33225.0 13.26 
-5880.0 -33225.0 12.94 
-5879.0 -33225.0 13.04 
-5878.0 -33225.0 13.0 
-5877.0 -33225.0 12.99 
-5876.0 -33225.0 12.94 
-5875.0 -33225.0 13.04 
-5874.0 -33225.0 12.94 
-5873.0 -33225.0 16.79 
-5872.0 -33225.0 19.4 
-5871.0 -33225.0 19.63 
-5870.0 -33225.0 19.62 
-5869.0 -33225.0 20.24 
-5918.0 -33224.0 13.89 
-5917.0 -33224.0 14.0 
-5916.0 -33224.0 13.9 
-5915.0 -33224.0 13.84 
-5914.0 -33224.0 13.82 
-5913.0 -33224.0 13.5 
-5912.0 -33224.0 13.72 
-5911.0 -33224.0 14.81 
-5910.0 -33224.0 28.01 
-5909.0 -33224.0 26.5 
-5908.0 -33224.0 24.64 
-5907.0 -33224.0 23.75 
-5906.0 -33224.0 23.05 
-5905.0 -33224.0 22.95 
-5904.0 -33224.0 24.35 
-5903.0 -33224.0 24.75 
-5902.0 -33224.0 24.65 
-5901.0 -33224.0 23.75 
-5900.0 -33224.0 22.75 
-5899.0 -33224.0 19.25 
-5898.0 -33224.0 15.85 
-5897.0 -33224.0 15.5 
-5896.0 -33224.0 13.78 
-5895.0 -33224.0 13.49 
-5894.0 -33224.0 13.24 
-5893.0 -33224.0 13.33 
-5892.0 -33224.0 13.3 
-5891.0 -33224.0 13.19 
-5890.0 -33224.0 13.19 
-5889.0 -33224.0 13.21 
-5888.0 -33224.0 13.18 
-5887.0 -33224.0 13.17 
-5886.0 -33224.0 13.0 
-5885.0 -33224.0 12.86 
-5884.0 -33224.0 13.16 
-5883.0 -33224.0 13.94 
-5882.0 -33224.0 12.86 
-5881.0 -33224.0 12.89 
-5880.0 -33224.0 13.06 
-5879.0 -33224.0 13.06 
-5878.0 -33224.0 12.94 
-5877.0 -33224.0 12.89 
-5876.0 -33224.0 13.22 
-5875.0 -33224.0 14.68 
-5874.0 -33224.0 15.83 
-5873.0 -33224.0 20.14 
-5872.0 -33224.0 19.4 
-5871.0 -33224.0 19.74 
-5870.0 -33224.0 19.74 
-5869.0 -33224.0 19.28 
-5918.0 -33223.0 13.92 
-5917.0 -33223.0 13.93 
-5916.0 -33223.0 13.88 
-5915.0 -33223.0 13.94 
-5914.0 -33223.0 13.84 
-5913.0 -33223.0 13.78 
-5912.0 -33223.0 13.44 
-5911.0 -33223.0 16.89 
-5910.0 -33223.0 23.73 
-5909.0 -33223.0 24.37 
-5908.0 -33223.0 22.61 
-5907.0 -33223.0 22.55 
-5906.0 -33223.0 22.45 
-5905.0 -33223.0 22.85 
-5904.0 -33223.0 22.35 
-5903.0 -33223.0 18.05 
-5902.0 -33223.0 20.35 
-5901.0 -33223.0 19.25 
-5900.0 -33223.0 17.05 
-5899.0 -33223.0 14.55 
-5898.0 -33223.0 13.25 
-5897.0 -33223.0 13.47 
-5896.0 -33223.0 13.08 
-5895.0 -33223.0 13.23 
-5894.0 -33223.0 13.4 
-5893.0 -33223.0 14.37 
-5892.0 -33223.0 13.68 
-5891.0 -33223.0 13.18 
-5890.0 -33223.0 13.14 
-5889.0 -33223.0 13.12 
-5888.0 -33223.0 13.12 
-5887.0 -33223.0 13.11 
-5886.0 -33223.0 13.04 
-5885.0 -33223.0 13.04 
-5884.0 -33223.0 12.8 
-5883.0 -33223.0 13.0 
-5882.0 -33223.0 13.04 
-5881.0 -33223.0 13.04 
-5880.0 -33223.0 13.04 
-5879.0 -33223.0 13.0 
-5878.0 -33223.0 12.69 
-5877.0 -33223.0 13.5 
-5876.0 -33223.0 15.31 
-5875.0 -33223.0 18.3 
-5874.0 -33223.0 19.24 
-5873.0 -33223.0 20.29 
-5872.0 -33223.0 20.44 
-5871.0 -33223.0 19.78 
-5870.0 -33223.0 19.74 
-5869.0 -33223.0 19.7 
